-0.0005851552
-0.0005847478
-0.0005843306
-0.0005839211
-0.0005835063
-0.000583088
-0.0005826708
-0.000582251
-0.0005818353
-0.0005814236
-0.0005810195
-0.0005806293
-0.0005802466
-0.0005798524
-0.0005794332
-0.000579003
-0.0005785963
-0.0005782449
-0.0005779566
-0.0005776125
-0.0005769871
-0.0005759495
-0.0005747651
-0.0005739167
-0.0005737491
-0.0005743089
-0.0005753389
-0.0005762801
-0.0005764295
-0.0005754388
-0.0005735775
-0.0005717723
-0.0005709557
-0.0005714735
-0.0005729982
-0.0005749253
-0.0005766425
-0.0005775115
-0.0005772108
-0.0005758649
-0.0005733341
-0.0005679506
-0.0005577224
-0.000543162
-0.0005277465
-0.0005148414
-0.0005057718
-0.0005011022
-0.0005011607
-0.0005054472
-0.0005128333
-0.0005229855
-0.0005397392
-0.0005678032
-0.0006018845
-0.0006287528
-0.0006391208
-0.0006335325
-0.0006201588
-0.0006097465
-0.0006092912
-0.0006188263
-0.0006333925
-0.0006488686
-0.0006718129
-0.0007167989
-0.0007909611
-0.0008825197
-0.0009694827
-0.001031774
-0.001059007
-0.001047913
-0.0009925079
-0.0008908453
-0.0007500881
-0.000582381
-0.0003981189
-0.0002180705
-9.638874e-05
-8.158375e-05
-0.0001756363
-0.0003350122
-0.0005011634
-0.0006378078
-0.0007410157
-0.0008082976
-0.0008268775
-0.0007921956
-0.000715745
-0.0006166577
-0.0005005324
-0.000348265
-0.0001474273
4.829744e-05
0.0001429314
8.41054e-05
-0.0001048328
-0.0003559026
-0.0006072372
-0.0008322697
-0.001002955
-0.001050653
-0.0009274935
-0.0006516346
-0.0003071112
-4.262078e-05
1.809712e-05
-0.0001110452
-0.0002780407
-0.0003280265
-0.000225203
-6.479667e-05
2.969182e-05
-1.144885e-06
-0.0001334117
-0.0002792579
-0.0003131108
-0.0001556798
0.0001765893
0.0005982567
0.0009670903
0.001105198
0.0009272229
0.0004924913
-7.714683e-05
-0.0007113231
-0.001394923
-0.002020919
-0.00234252
-0.002197828
-0.001639026
-0.0008803062
-0.0002054848
0.000185191
0.0002836384
0.0002113759
-5.561716e-05
-0.0007611769
-0.002068924
-0.003769609
-0.005299473
-0.006028368
-0.005622551
-0.004249334
-0.002394912
-0.0005197
0.001170371
0.00273021
0.004229641
0.005412628
0.005926373
0.005688269
0.004900607
0.003724095
0.002151256
0.0001593882
-0.002115143
-0.003948396
-0.004295532
-0.002722098
0.000327807
0.003975398
0.007443754
0.009871589
0.01034235
0.008645396
0.005429324
0.001678093
-0.001895071
-0.005012185
-0.007469529
-0.00913079
-0.01007661
-0.0105038
-0.01062699
-0.01061431
-0.01038008
-0.009381423
-0.007138666
-0.003854346
-0.000405727
0.002393209
0.004321587
0.005704433
0.006891896
0.007798231
0.008152614
0.007840191
0.00683306
0.00511537
0.002796179
0.0001050045
-0.002723939
-0.005555157
-0.008355661
-0.01079368
-0.01191166
-0.01099237
-0.008212468
-0.004423282
-0.0005209204
0.003025365
0.00623174
0.008972138
0.01021563
0.008976312
0.005304378
0.0001729746
-0.005267258
-0.01012827
-0.01308688
-0.01278428
-0.009100931
-0.003194951
0.003440474
0.009823424
0.01574965
0.02154398
0.02753287
0.03280871
0.03512723
0.03311207
0.02739018
0.01988367
0.01242747
0.005864367
9.194451e-06
-0.005788027
-0.01156824
-0.01591996
-0.01737128
-0.01579241
-0.01237004
-0.008949904
-0.007097312
-0.007215955
-0.008589389
-0.009825836
-0.009463111
-0.006951242
-0.003260037
-0.0009371663
-0.002167628
-0.007136376
-0.0142992
-0.02173104
-0.02823834
-0.03282061
-0.03365601
-0.0296855
-0.02174777
-0.01190483
-0.002075294
0.006350624
0.01166518
0.01281101
0.01040185
0.006261038
0.002698791
0.001686228
0.003678663
0.007301585
0.01013434
0.01051701
0.008469041
0.004969621
0.0007142397
-0.003900262
-0.008084846
-0.01100968
-0.01250005
-0.01296325
-0.01281171
-0.01226841
-0.01115504
-0.008633963
-0.004041836
0.002422228
0.00959016
0.01495826
0.01621593
0.01360077
0.01031722
0.009766997
0.01310211
0.01912185
0.02557672
0.02984936
0.03011088
0.02702918
0.02306722
0.02057527
0.02087502
0.02386434
0.02835044
0.03296331
0.03655462
0.03776926
0.03583722
0.03128467
0.0254878
0.01974842
0.01491939
0.01155911
0.009688807
0.008778222
0.008130233
0.007412899
0.007357942
0.009206153
0.01342766
0.01935183
0.02566486
0.03130441
0.0359683
0.03962306
0.04178244
0.04212332
0.04113372
0.0397864
0.03878355
0.03809316
0.03723057
0.03581423
0.03388629
0.03195972
0.03059862
0.02998737
0.02989306
0.02975022
0.02873804
0.02636924
0.02311076
0.0207785
0.02118998
0.02469837
0.03034298
0.03680729
0.04314668
0.04902281
0.05342599
0.05303712
0.04516054
0.03035379
0.01176455
-0.007197291
-0.02466895
-0.04065651
-0.05548646
-0.06632083
-0.06905325
-0.06272432
-0.05019205
-0.03575333
-0.02250685
-0.01125412
-0.00106738
0.009389299
0.01991007
0.02692904
0.02672114
0.0189184
0.006400845
-0.007084788
-0.01913498
-0.02939636
-0.0388788
-0.0487776
-0.0596562
-0.07132089
-0.08319648
-0.09479268
-0.1059558
-0.1166236
-0.1249455
-0.1275293
-0.1228997
-0.1127463
-0.1004025
-0.08863927
-0.07848175
-0.06969606
-0.06242377
-0.05717412
-0.0538777
-0.05104245
-0.04618679
-0.03795302
-0.0277261
-0.0188918
-0.01388366
-0.01251057
-0.01183461
-0.008199836
-0.0001829718
0.009089096
0.01326976
0.008409925
-0.004435959
-0.02092855
-0.03545944
-0.04184061
-0.03717259
-0.02373862
-0.006713805
0.009412621
0.02290114
0.03414907
0.04177266
0.04231944
0.03435925
0.01994865
0.002921829
-0.013419
-0.02521168
-0.0269342
-0.01614555
0.004315252
0.02876397
0.05240593
0.07341217
0.0926148
0.1109717
0.1242978
0.1255605
0.1122869
0.088403
0.06074041
0.0346375
0.01227392
-0.00399257
-0.01098006
-0.00832149
0.0003140186
0.009312549
0.0146749
0.01542539
0.01295577
0.008578374
0.002170279
-0.006688994
-0.01770744
-0.02889041
-0.03637896
-0.0375763
-0.0331207
-0.02676415
-0.02415799
-0.02890918
-0.0403802
-0.05505794
-0.06880128
-0.07688593
-0.07616609
-0.06748371
-0.05466181
-0.04169103
-0.03063073
-0.02131265
-0.0123965
-0.002677519
0.008201115
0.01980516
0.03076467
0.03774585
0.03777089
0.03094826
0.02012775
0.008854779
0.0007401955
-0.00136108
0.00269682
0.01051503
0.01890492
0.02501535
0.02737963
0.02672938
0.0259584
0.02818486
0.03447203
0.04359919
0.05316267
0.05954648
0.05935127
0.05213681
0.04046652
0.02779806
0.01640716
0.006669885
-0.002334816
-0.01172821
-0.02205152
-0.03313125
-0.04442383
-0.05515541
-0.06280723
-0.06399733
-0.05779892
-0.04643103
-0.03339827
-0.02130177
-0.01086631
-0.001357327
0.008110249
0.01689258
0.02341817
0.02684054
0.02749195
0.02652549
0.02511121
0.02304635
0.01859516
0.01055027
0.000208993
-0.008178442
-0.01090517
-0.007594816
-0.0007523797
0.006077216
0.009558078
0.008272705
0.003300576
-0.002805247
-0.006858444
-0.00658955
-0.002079088
0.004544335
0.01006233
0.01209347
0.01065235
0.008153666
0.007437259
0.009589072
0.01307817
0.0152207
0.01445665
0.01125163
0.007786736
0.006291788
0.007057357
0.006916879
0.00173543
-0.009925534
-0.02622538
-0.04392887
-0.06054147
-0.07408739
-0.08135443
-0.08034951
-0.07238456
-0.06101321
-0.04962377
-0.03981767
-0.03133763
-0.02304521
-0.01400251
-0.004002738
0.006317221
0.01411885
0.01521821
0.008024369
-0.004072824
-0.01260793
-0.01035271
0.003463523
0.02404647
0.04534551
0.06369489
0.07700507
0.08043096
0.06993007
0.04679447
0.01671007
-0.01252891
-0.0302579
-0.02895388
-0.01006888
0.01776009
0.04379111
0.061164
0.06982688
0.07419665
0.07688693
0.0756655
0.06758531
0.05248475
0.03296659
0.01236724
-0.006844132
-0.02139353
-0.02722327
-0.02329659
-0.01252905
0.0005339785
0.01251123
0.02243509
0.03121632
0.03972272
0.04581859
0.04599066
0.03909214
0.02711586
0.01342248
0.001387294
-0.004769111
-0.002192265
0.00819256
0.02262146
0.03605312
0.04226853
0.03761192
0.02361608
0.005219792
-0.01282533
-0.02833939
-0.04181908
-0.05493217
-0.06777597
-0.07770278
-0.08234198
-0.08182502
-0.07837592
-0.0747613
-0.07300816
-0.07357348
-0.0755639
-0.07738018
-0.07653843
-0.07104585
-0.06105061
-0.0485113
-0.03568084
-0.02384914
-0.01305472
-0.002599009
0.008223959
0.01963142
0.0299
0.03398162
0.02789643
0.01239156
-0.006869507
-0.02177269
-0.02740903
-0.02466844
-0.01815654
-0.01243253
-0.00986714
-0.01157156
-0.01769462
-0.02704802
-0.03775933
-0.04833136
-0.05821717
-0.06723024
-0.07239908
-0.0688408
-0.05479782
-0.03305084
-0.008493018
0.01501765
0.03621191
0.05597393
0.07588471
0.0969509
0.1187012
0.1367653
0.1449116
0.1409682
0.1282443
0.112515
0.09827249
0.08751396
0.08167151
0.08144916
0.08576452
0.0923257
0.09845013
0.1000708
0.09376249
0.07965948
0.06102267
0.04170032
0.02395913
0.007944981
-0.007478391
-0.02349764
-0.04057896
-0.0584242
-0.07640234
-0.09348118
-0.1061272
-0.1100583
-0.104462
-0.09250948
-0.07876902
-0.06643564
-0.0562612
-0.04815158
-0.04412793
-0.04653764
-0.05530934
-0.06799101
-0.081402
-0.09151993
-0.0939386
-0.08732027
-0.0742594
-0.05904441
-0.04492325
-0.03284165
-0.02191519
-0.01074205
0.001509445
0.01477787
0.0284451
0.0418859
0.05482987
0.06733325
0.0786868
0.08686583
0.09058753
0.09052743
0.08865209
0.08649598
0.08280012
0.07461209
0.06060176
0.04210494
0.02184484
0.002102917
-0.01627343
-0.03347564
-0.04803856
-0.05657642
-0.05746641
-0.05236262
-0.04472748
-0.03753225
-0.03195276
-0.02752099
-0.02312149
-0.01795371
-0.01192542
-0.005601074
-0.0002069665
0.003163826
0.004455482
0.005101625
0.007697624
0.01396143
0.02357954
0.03479966
0.04472878
0.04906651
0.04523296
0.03442841
0.02082284
0.01054298
0.008220867
0.01393414
0.02344545
0.03019212
0.02968544
0.02209579
0.01095224
0.0001090399
-0.008472564
-0.01483566
-0.01919968
-0.02143816
-0.02175506
-0.0208502
-0.01979741
-0.01974257
-0.02097935
-0.02188861
-0.02004669
-0.01443181
-0.005966572
0.003354522
0.01041561
0.01161031
0.005729283
-0.005250433
-0.01696278
-0.02325402
-0.02014489
-0.008543974
0.007235405
0.022798
0.03599957
0.04718774
0.05795324
0.06908317
0.07644866
0.07284914
0.05527079
0.02709194
-0.00511743
-0.03588225
-0.06127475
-0.07718814
-0.08219637
-0.07907465
-0.07271136
-0.06705607
-0.06351442
-0.06131389
-0.0588945
-0.05455891
-0.04670279
-0.03503323
-0.02080149
-0.005831848
0.008582331
0.02213497
0.03525226
0.04852748
0.06228142
0.07612567
0.08574027
0.08303768
0.06393723
0.03193363
-0.002162571
-0.02433108
-0.0274751
-0.0150923
0.003421488
0.01973196
0.02940499
0.03021651
0.02262089
0.009743451
-0.004592786
-0.0179148
-0.02978456
-0.04111922
-0.05301983
-0.06595205
-0.07879359
-0.08727634
-0.08717437
-0.07818083
-0.06373361
-0.04822509
-0.03443277
-0.02272453
-0.011891
-0.0005329593
0.01199114
0.02523358
0.03694731
0.04423596
0.04615719
0.04467634
0.04467518
0.05076835
0.06354197
0.07673315
0.08044042
0.06963521
0.0470786
0.01984853
-0.005782621
-0.0257246
-0.03599623
-0.03509661
-0.0257123
-0.0127787
-0.000396249
0.009881926
0.01875791
0.02774863
0.03687742
0.04190003
0.03778995
0.02361217
0.002826653
-0.01965454
-0.03976211
-0.0524334
-0.05317332
-0.04218187
-0.02411267
-0.004607536
0.01286034
0.02787962
0.04131093
0.0513026
0.05446267
0.05006546
0.04295308
0.04111846
0.0491338
0.06557892
0.08322872
0.09040755
0.07958825
0.05327763
0.02315295
0.001481364
-0.007179641
-0.0075041
-0.009159937
-0.01924529
-0.03837522
-0.06226494
-0.08580873
-0.1062268
-0.1237413
-0.1401055
-0.1539851
-0.1588854
-0.1500569
-0.1289644
-0.1015678
-0.07396157
-0.04925062
-0.02717757
-0.00574168
0.01681768
0.03943663
0.05576993
0.05965827
0.05078187
0.03420905
0.01627544
0.0009078841
-0.01114854
-0.01934119
-0.0221997
-0.01946094
-0.01277073
-0.00493134
2.434051e-05
-0.001357474
-0.009376443
-0.02142517
-0.03417734
-0.04549343
-0.05383512
-0.05718587
-0.05483899
-0.04828232
-0.04064353
-0.03547655
-0.03451695
-0.03589565
-0.03411353
-0.02463348
-0.007297062
0.0144508
0.03651034
0.05645342
0.07253844
0.08169497
0.08223139
0.07578497
0.0662388
0.05821367
0.05505835
0.05724093
0.06360116
0.07265697
0.08302993
0.09377062
0.1042776
0.1128849
0.117232
0.1165602
0.1120611
0.1039434
0.09037617
0.07038288
0.04531484
0.01792119
-0.009374172
-0.03551612
-0.06075721
-0.08591683
-0.1115796
-0.1355217
-0.1490804
-0.1443457
-0.1216189
-0.08842166
-0.05364307
-0.02255359
0.004382339
0.02734473
0.04174602
0.04289866
0.03134188
0.01231407
-0.008111053
-0.0263171
-0.04195866
-0.05668488
-0.07220677
-0.08735748
-0.09599747
-0.09267692
-0.07759136
-0.05575086
-0.03302147
-0.01283201
0.004622896
0.02071089
0.03425074
0.04149629
0.04056369
0.03379702
0.02643044
0.02262202
0.02318997
0.02580055
0.02598675
0.02028061
0.008741451
-0.004272586
-0.0123413
-0.01201924
-0.004678989
0.005383654
0.01365088
0.01775291
0.01824505
0.0178059
0.02011221
0.02741257
0.03917121
0.0529281
0.06466109
0.06901258
0.06330436
0.0495153
0.0323067
0.01581924
0.002540206
-0.005670708
-0.008421083
-0.007185236
-0.003613382
0.001620213
0.008331637
0.0162558
0.02398584
0.02755676
0.02349578
0.01190121
-0.003981453
-0.01891632
-0.0268515
-0.02498846
-0.01539933
-0.002810758
0.008078621
0.01401654
0.01453424
0.01108472
0.00518421
-0.002070176
-0.009993268
-0.01825492
-0.02676253
-0.03550959
-0.04446551
-0.05328269
-0.05924248
-0.05784174
-0.04720022
-0.02954833
-0.009195149
0.0103211
0.02773759
0.04360575
0.05727901
0.06570743
0.06691152
0.06198736
0.05414993
0.04699084
0.0428091
0.04167393
0.04196378
0.04116142
0.03719102
0.02979039
0.02033306
0.01060839
0.001723811
-0.00622851
-0.01380831
-0.02163185
-0.02997173
-0.03871139
-0.04754792
-0.05623213
-0.0646921
-0.07281686
-0.07836322
-0.07681893
-0.06585334
-0.0473322
-0.02554902
-0.004298787
0.01422004
0.02717709
0.03208706
0.02943612
0.02244888
0.01535968
0.01136051
0.01107294
0.01293712
0.01456126
0.01409944
0.01139813
0.008178334
0.006520996
0.007273155
0.009486637
0.01046701
0.007761768
0.001016732
-0.008164194
-0.01671932
-0.02036604
-0.01661132
-0.006552361
0.006412785
0.01905471
0.02967852
0.03736754
0.04183651
0.04377949
0.04428621
0.04421084
0.04398473
0.04346844
0.04086428
0.03355161
0.02070749
0.003917327
-0.01419021
-0.0315869
-0.04633344
-0.0541456
-0.0515566
-0.03939633
-0.02197283
-0.003952985
0.01146106
0.02030594
0.01883762
0.007173213
-0.01075693
-0.03010765
-0.04783028
-0.06278671
-0.07185888
-0.07077705
-0.0587841
-0.03941006
-0.01773673
0.002629492
0.02062351
0.03543863
0.04496795
0.04820748
0.04670704
0.04355707
0.04129928
0.04076109
0.04130106
0.0418017
0.04154629
0.04057415
0.03979181
0.04037027
0.04276385
0.04619687
0.0473919
0.04210074
0.02892496
0.01010856
-0.01053458
-0.03010486
-0.04776323
-0.06386597
-0.07616896
-0.08020204
-0.0741864
-0.06062517
-0.04414417
-0.02881782
-0.01714957
-0.009445993
-0.004157211
0.0006939018
0.005284105
0.007253828
0.004495001
-0.002860636
-0.01281895
-0.02308457
-0.03219051
-0.0386817
-0.04089241
-0.03854894
-0.03311192
-0.02668716
-0.02077931
-0.01577691
-0.01133671
-0.008041495
-0.007911461
-0.01221691
-0.0202779
-0.03014092
-0.03989348
-0.04824514
-0.05472127
-0.05948667
-0.062031
-0.06147648
-0.05784611
-0.05221633
-0.04572565
-0.03796268
-0.02757855
-0.01405186
0.001809245
0.01822738
0.03200986
0.04010262
0.04210608
0.04047023
0.03908688
0.04082358
0.04592257
0.05140997
0.05264978
0.04719273
0.03621733
0.02298613
0.01043152
-0.0002732528
-0.00964154
-0.01888022
-0.02888489
-0.03980449
-0.05092138
-0.05881073
-0.05829502
-0.04735012
-0.02861615
-0.007000925
0.0135426
0.0310713
0.04274287
0.04532746
0.03871346
0.02620326
0.0120932
-0.0007703695
-0.01169549
-0.020032
-0.02383777
-0.02208793
-0.01590375
-0.007685474
0.0004229799
0.006880713
0.0100176
0.009049043
0.00482736
-0.0008384201
-0.006285714
-0.01043964
-0.01303141
-0.01456203
-0.01582141
-0.0173696
-0.01932201
-0.02146626
-0.02352342
-0.0253485
-0.02697522
-0.02845495
-0.02890646
-0.02643285
-0.02001681
-0.01040506
0.0004362137
0.00952917
0.01415497
0.01385195
0.01040518
0.006334645
0.004153033
0.006110871
0.0127176
0.02248843
0.03318323
0.04319953
0.05215285
0.06056827
0.06909985
0.07717137
0.08282443
0.08475811
0.08343569
0.08061589
0.07872722
0.07973821
0.08389444
0.08903973
0.09077115
0.08588158
0.07471735
0.06028259
0.04583305
0.03307622
0.0218774
0.01110778
-0.0002722204
-0.01245676
-0.02333778
-0.02889137
-0.02696094
-0.01898797
-0.009612912
-0.004622088
-0.006914613
-0.0151536
-0.02562805
-0.03453098
-0.03952302
-0.04070363
-0.04031792
-0.04203624
-0.04856701
-0.05985514
-0.07369046
-0.08706591
-0.09555001
-0.09520898
-0.08594795
-0.07128963
-0.05561459
-0.04164047
-0.0296785
-0.01849933
-0.006726762
0.006048087
0.01767085
0.02427555
0.02396499
0.01815843
0.01010389
0.002620341
-0.003189294
-0.007835497
-0.01272638
-0.01895523
-0.02473732
-0.02617807
-0.02114901
-0.01078543
0.001867461
0.0140542
0.02462729
0.0339968
0.04323222
0.05314425
0.06387878
0.07505804
0.0861822
0.09662183
0.1045826
0.1081731
0.1072882
0.1035073
0.09790301
0.0900111
0.07926539
0.06602042
0.05139022
0.03654863
0.02263634
0.01119608
0.003109434
-0.002102246
-0.005168602
-0.006205827
-0.005309502
-0.002972431
7.11053e-05
0.003204401
0.006133287
0.008531785
0.009493834
0.008302111
0.00514589
0.0008359218
-0.004552446
-0.01199611
-0.02212989
-0.03450456
-0.04795863
-0.06139866
-0.07431043
-0.08647658
-0.09591954
-0.09945774
-0.09600467
-0.08746345
-0.07709875
-0.06747642
-0.05988717
-0.05495288
-0.05247072
-0.05142834
-0.05011466
-0.04669129
-0.04048131
-0.0322464
-0.0236537
-0.01719469
-0.01480537
-0.01640171
-0.02022929
-0.02423383
-0.02632513
-0.02362377
-0.01450905
-8.411027e-05
0.01681258
0.0335502
0.04895499
0.06331236
0.07749088
0.09070331
0.09915498
0.09978249
0.09310349
0.08245091
0.07145526
0.06224693
0.05558995
0.05125045
0.04812292
0.04425467
0.03786653
0.02863149
0.01762063
0.006314186
-0.004333714
-0.01420747
-0.02375163
-0.03347961
-0.04361306
-0.05319247
-0.05883567
-0.05751414
-0.0493602
-0.03725567
-0.02470386
-0.01513752
-0.01147301
-0.01412721
-0.02078459
-0.02733938
-0.02994935
-0.02747013
-0.02158832
-0.01568784
-0.01345292
-0.01648312
-0.0235709
-0.03208849
-0.03986068
-0.04614338
-0.05073755
-0.05198257
-0.04815725
-0.03946752
-0.02789687
-0.01576446
-0.004810917
0.003336201
0.007785534
0.009143069
0.009149644
0.0100745
0.01349592
0.01940321
0.02617389
0.03064988
0.03027444
0.02503626
0.0171526
0.009666752
0.004648043
0.00218742
0.0006531076
-0.002020977
-0.006846121
-0.01313125
-0.01794706
-0.01797444
-0.01230362
-0.002741762
0.007874113
0.01748028
0.02514551
0.03050146
0.03350568
0.03426036
0.03237796
0.02699707
0.01806297
0.006680272
-0.005485824
-0.01599777
-0.02200663
-0.02250617
-0.01897285
-0.01405982
-0.0100039
-0.007667416
-0.006570016
-0.005673586
-0.004205904
-0.002058467
0.0001450447
0.001534766
0.001730038
0.001095929
0.0003819303
0.0001436301
0.0004285294
0.0005278209
-0.0006521613
-0.003619018
-0.007983723
-0.01288523
-0.01759349
-0.0216855
-0.02409789
-0.02333203
-0.01900013
-0.0121729
-0.004516873
0.002731772
0.009217429
0.01517726
0.02087641
0.02622905
0.02995531
0.0303407
0.02697397
0.02102833
0.01428686
0.008045043
0.00265342
-0.001856197
-0.004563171
-0.004453132
-0.00158446
0.002956189
0.007859193
0.01231438
0.0161692
0.01956957
0.02270163
0.02551978
0.02704479
0.02606048
0.02236442
0.01688117
0.01091177
0.005354386
0.0004065553
-0.004238323
-0.008988995
-0.01404145
-0.01931995
-0.02458491
-0.02897331
-0.03085622
-0.02934907
-0.02507891
-0.0195828
-0.01424932
-0.009734912
-0.006653629
-0.006033173
-0.008264906
-0.01263924
-0.01788412
-0.02269197
-0.0252427
-0.0240587
-0.01928432
-0.01245523
-0.005289581
0.001645992
0.009068284
0.01782381
0.02806763
0.03911534
0.04839279
0.05186384
0.04763974
0.0373858
0.02469164
0.01262391
0.002491718
-0.004890514
-0.008421326
-0.007986099
-0.004831263
-0.0007423996
0.002758514
0.004833996
0.005562753
0.005423187
0.004464799
0.002496991
-0.0002809025
-0.002916607
-0.004421652
-0.004538191
-0.003822216
-0.003207931
-0.003254569
-0.003498366
-0.002894624
-0.0008386932
0.002459084
0.006295431
0.01001016
0.01331736
0.01625913
0.01893998
0.02144131
0.02383343
0.0260849
0.02736057
0.02620097
0.02198675
0.01544651
0.008022719
0.001401415
-0.002666863
-0.003497054
-0.001888062
0.0005540425
0.002024928
0.001270176
-0.001703809
-0.005891486
-0.01013116
-0.01378017
-0.0168591
-0.01975971
-0.02239663
-0.02292252
-0.01920534
-0.01094708
0.0002318321
0.01212555
0.02322241
0.03208436
0.03573819
0.03209201
0.02205982
0.008745431
-0.004732527
-0.01680051
-0.02744115
-0.03614361
-0.04122345
-0.04184425
-0.03895212
-0.03450623
-0.03016407
-0.02630529
-0.02222714
-0.01716947
-0.01096995
-0.004046336
0.003001471
0.009771824
0.0161999
0.0223549
0.02742997
0.02980835
0.02874455
0.0250081
0.02026231
0.01619516
0.01367469
0.01248322
0.01179096
0.01084027
0.009346608
0.007478598
0.00558348
0.003980832
0.003139519
0.003499794
0.005041695
0.007203219
0.008823848
0.008778111
0.006834736
0.003666436
0.0002350031
-0.002814415
-0.005205155
-0.006311435
-0.00543037
-0.002573234
0.001492077
0.005611137
0.008803724
0.01065833
0.01119093
0.01076134
0.009877087
0.008593535
0.006131103
0.001781679
-0.004353266
-0.01149291
-0.0185106
-0.02358263
-0.02515805
-0.02327228
-0.01936519
-0.01525719
-0.01234812
-0.01105334
-0.0108438
-0.01084317
-0.01043832
-0.0095308
-0.008428829
-0.00752335
-0.007009534
-0.007032542
-0.008045984
-0.01039274
-0.01390031
-0.01792555
-0.02164003
-0.02454365
-0.02669615
-0.02850805
-0.03004974
-0.03025928
-0.02795418
-0.02303918
-0.01649634
-0.00961294
-0.003552432
0.0006212142
0.002253755
0.001409068
-0.001095439
-0.004183174
-0.00702455
-0.008891185
-0.009212562
-0.008031023
-0.005952599
-0.003698125
-0.001702449
-1.173698e-05
0.001376524
0.001969837
0.00121729
-0.0008919394
-0.003838992
-0.0069747
-0.009839239
-0.01177823
-0.01181078
-0.009548874
-0.005558055
-0.0008856459
0.003613167
0.007631552
0.01133716
0.01508672
0.019238
0.02394697
0.02847994
0.03091766
0.02986604
0.02562334
0.01973315
0.01381281
0.00879653
0.005398309
0.004237393
0.00520654
0.007464995
0.009856826
0.01139075
0.01175576
0.01132762
0.01074128
0.01057598
0.01139264
0.01341661
0.01613018
0.01849357
0.01978298
0.02001229
0.01972319
0.01963324
0.02043521
0.02239641
0.02522615
0.02834449
0.03092244
0.03185101
0.03075161
0.02852571
0.02650859
0.02548144
0.02538414
0.02555798
0.02471595
0.02154231
0.01578476
0.008332271
0.0004576714
-0.006965731
-0.01376267
-0.02025668
-0.02686623
-0.03380064
-0.04100347
-0.04828009
-0.0554599
-0.06223371
-0.06667758
-0.06594415
-0.05911988
-0.04792271
-0.03522661
-0.02323318
-0.01261138
-0.002796676
0.007032801
0.01608909
0.02172213
0.02219524
0.01818624
0.01199405
0.005869911
0.0008989569
-0.002907517
-0.005777012
-0.007927
-0.009319869
-0.009136037
-0.006573269
-0.001745891
0.004392836
0.01042034
0.01481543
0.01691033
0.01721748
0.01685772
0.0167695
0.01740967
0.01925031
0.02267968
0.02754418
0.03322132
0.03903794
0.04461524
0.04989777
0.05422784
0.05560776
0.05258979
0.04565755
0.03670568
0.02767016
0.01954
0.01235056
0.006592356
0.003600595
0.004007455
0.007004756
0.01033627
0.01126608
0.008543095
0.00295815
-0.003654348
-0.00975792
-0.01482808
-0.01923201
-0.02364835
-0.02853138
-0.03381244
-0.03823516
-0.03981609
-0.03769506
-0.03273887
-0.02689922
-0.02288208
-0.02284712
-0.02689413
-0.03332982
-0.04007729
-0.04589635
-0.05071024
-0.05502536
-0.05819293
-0.05824584
-0.05408744
-0.04648745
-0.03733557
-0.02834296
-0.02024944
-0.01284851
-0.005522374
0.002201159
0.01010796
0.01670669
0.02040899
0.0209853
0.01959254
0.01783049
0.0167628
0.01655476
0.01672864
0.01634284
0.01424635
0.00998704
0.004109599
-0.002351705
-0.008464089
-0.01333832
-0.01637083
-0.01753346
-0.01678956
-0.01414119
-0.009994612
-0.005057601
2.323571e-05
0.004859233
0.008975439
0.01182878
0.01332777
0.01388647
0.0139874
0.01390286
0.01371622
0.01342247
0.01301136
0.01250371
0.01194554
0.01138334
0.01084359
0.01032815
0.009823702
0.009315468
0.008829163
0.008622155
0.009080899
0.01034333
0.01224835
0.01451706
0.01683072
0.0183788
0.01800521
0.01527912
0.01081372
0.005733638
0.001447519
-0.0001449131
0.002026257
0.007338121
0.01409514
0.02034679
0.02341447
0.02119263
0.01392148
0.003806817
-0.006653414
-0.01604195
-0.0242977
-0.03166314
-0.03755302
-0.04131311
-0.04301139
-0.04280614
-0.04034865
-0.03554268
-0.02898345
-0.02164554
-0.01433806
-0.007683654
-0.003129348
-0.002192224
-0.00494137
-0.00998972
-0.01556577
-0.02045232
-0.02397517
-0.02594381
-0.0267436
-0.02705573
-0.02737126
-0.02771273
-0.02784857
-0.02760702
-0.02679084
-0.02461759
-0.02029749
-0.0138828
-0.00621813
0.00168644
0.009214659
0.01622816
0.02213961
0.02558249
0.02583586
0.02352736
0.02005887
0.01653154
0.01323687
0.009930144
0.006293696
0.002221992
-0.002153939
-0.006609955
-0.01100044
-0.01531082
-0.01960292
-0.02394036
-0.02834512
-0.03269103
-0.03588657
-0.03611838
-0.03262934
-0.02631767
-0.01891883
-0.01185787
-0.005642528
1.770166e-05
0.005696907
0.01178158
0.01828927
0.02484616
0.03081875
0.0358187
0.03996592
0.04371389
0.04750772
0.05155493
0.05572328
0.05877968
0.05852188
0.05386512
0.04571992
0.03611624
0.02681907
0.01852927
0.01095861
0.003577169
-0.002913827
-0.006799408
-0.007229186
-0.004934367
-0.001648732
0.001000293
0.002356856
0.00276179
0.002980413
0.003593523
0.004707297
0.005703024
0.005269643
0.002536724
-0.002239458
-0.00802158
-0.0137472
-0.01868273
-0.02247241
-0.02526602
-0.02756157
-0.02985551
-0.03239053
-0.03511512
-0.03737404
-0.03755756
-0.03447237
-0.02841389
-0.02079887
-0.01311553
-0.006151189
-2.857886e-05
0.005355508
0.01022016
0.01480315
0.01871914
0.02070675
0.01994083
0.01681109
0.01255875
0.008656159
0.006166776
0.005213098
0.005156861
0.005435763
0.006155338
0.007658142
0.01002698
0.01300263
0.01618391
0.01902013
0.02050897
0.01990245
0.01737741
0.01382585
0.01022312
0.007327384
0.005546138
0.004760296
0.004597251
0.004871939
0.005557327
0.006612149
0.00792491
0.009316464
0.01019684
0.009586101
0.007015517
0.002902132
-0.001752502
-0.005755721
-0.008380394
-0.009738245
-0.01052204
-0.01167329
-0.01401248
-0.01771806
-0.02231469
-0.02710751
-0.0316238
-0.03577941
-0.03962226
-0.04227156
-0.04218169
-0.03876778
-0.03288743
-0.0260875
-0.01960272
-0.01385179
-0.008564496
-0.003240147
0.002446274
0.008453177
0.01368285
0.01589612
0.01378259
0.008042793
0.0006420084
-0.006584364
-0.01279468
-0.01745446
-0.01897676
-0.01610746
-0.009320083
-0.0004300579
0.008675158
0.0168074
0.02299795
0.02666478
0.02801426
0.02773269
0.02663315
0.02534526
0.02415131
0.02301173
0.02137384
0.01820523
0.0129568
0.006024668
-0.001608168
-0.008489253
-0.01272217
-0.0133666
-0.01113344
-0.007681119
-0.004469804
-0.002084645
-0.0001975921
0.002092471
0.005468211
0.009286373
0.01128364
0.009635241
0.004424962
-0.002743955
-0.01004961
-0.01647647
-0.02202475
-0.02699538
-0.03074742
-0.03225094
-0.03129657
-0.02865435
-0.02534439
-0.02199561
-0.01875647
-0.01549739
-0.01205714
-0.00838752
-0.004563213
-0.0007075087
0.003037505
0.006376488
0.009026108
0.01098807
0.01251432
0.01383025
0.01501651
0.01607899
0.01699168
0.01762228
0.01782854
0.0176218
0.01716522
0.01665648
0.01621903
0.01590259
0.01598132
0.01694771
0.01900707
0.02189583
0.02507872
0.02793958
0.03006353
0.031466
0.03245835
0.0332996
0.03406819
0.03466384
0.03457161
0.03316542
0.03033542
0.02656232
0.02268619
0.01985022
0.01884334
0.01953714
0.02111845
0.02271892
0.02381791
0.02391944
0.02252832
0.01965149
0.0158336
0.01177819
0.008136066
0.005438225
0.003786074
0.002825821
0.002047475
0.001082776
-0.0004539365
-0.003144819
-0.007247485
-0.01244082
-0.0180894
-0.02365732
-0.02893821
-0.03402201
-0.03909761
-0.04400217
-0.04796264
-0.05035477
-0.051271
-0.05129496
-0.05099166
-0.05067711
-0.05040051
-0.04988038
-0.04862803
-0.04641603
-0.04345543
-0.04019576
-0.0370201
-0.0340751
-0.03128776
-0.02845884
-0.0253919
-0.02202919
-0.01846476
-0.01485112
-0.01129868
-0.007926391
-0.005426452
-0.004832444
-0.006475423
-0.009724921
-0.01352816
-0.01704277
-0.01938167
-0.0193036
-0.01628546
-0.01101797
-0.004833455
0.001158131
0.006524519
0.01109227
0.01432278
0.01584005
0.01590309
0.015244
0.01482377
0.01551003
0.01754036
0.02048261
0.02364644
0.02649904
0.02888024
0.030959
0.03301659
0.03524062
0.03760413
0.03956253
0.04024677
0.03928274
0.03705905
0.03435563
0.03187039
0.02997411
0.02863129
0.027544
0.02640379
0.02501749
0.02321055
0.02089175
0.01815595
0.01522064
0.01227603
0.009312696
0.006142376
0.002625975
-0.001205571
-0.005198097
-0.00917465
-0.01270439
-0.01489626
-0.01518426
-0.0138424
-0.01175291
-0.0099932
-0.009294163
-0.009674171
-0.01061902
-0.01153011
-0.0117585
-0.01030997
-0.006591681
-0.0009691334
0.005560861
0.01202381
0.01739902
0.02044113
0.02053437
0.01799002
0.01381831
0.009151772
0.004709782
0.0006373405
-0.003298302
-0.007386286
-0.01175307
-0.01633044
-0.02095686
-0.02550133
-0.02992671
-0.03414587
-0.03720605
-0.03763153
-0.03492067
-0.02993394
-0.02414731
-0.01870627
-0.01397098
-0.009660745
-0.005406098
-0.001591168
0.0008871982
0.001609774
0.000967831
-1.747798e-05
-1.982363e-05
0.00172984
0.005010899
0.008978594
0.01265496
0.01480191
0.01451102
0.01195258
0.008159055
0.004256778
0.0008600284
-0.002041539
-0.00480308
-0.007546907
-0.009460115
-0.009490784
-0.007406088
-0.003907717
-0.0002852789
0.001928215
0.001920982
5.977359e-05
-0.002590097
-0.004956036
-0.006112315
-0.005609196
-0.003748651
-0.001306622
0.0009179159
0.002490477
0.003475162
0.004228335
0.004990979
0.005629843
0.00588518
0.005651357
0.004839559
0.003188339
0.0005849633
-0.002748976
-0.006402616
-0.01001803
-0.01326349
-0.01569755
-0.01710566
-0.01768069
-0.01765653
-0.01700071
-0.01565711
-0.01374842
-0.01153679
-0.009274698
-0.007109594
-0.005119218
-0.003324316
-0.001634797
0.0004380537
0.003647003
0.008304664
0.01404822
0.01969634
0.02290906
0.0218911
0.01687627
0.009695722
0.002384237
-0.003311741
-0.005443006
-0.003098461
0.002783046
0.0101413
0.016683
0.02077562
0.02229346
0.0223481
0.02221782
0.02237983
0.02246511
0.02177773
0.02002757
0.01773685
0.01576736
0.01466316
0.01466182
0.01580243
0.01782244
0.02026945
0.02274554
0.02497608
0.02649581
0.02682723
0.0256941
0.02305991
0.01927018
0.01490814
0.01048622
0.006243886
0.002154762
-0.00192922
-0.006085661
-0.01001281
-0.01317158
-0.01532275
-0.01670957
-0.01792212
-0.01955277
-0.02182903
-0.02457543
-0.02743941
-0.02991264
-0.03090666
-0.02947224
-0.02569751
-0.02057554
-0.01525453
-0.01040954
-0.00631585
-0.003478695
-0.002305378
-0.00260612
-0.003712154
-0.004923929
-0.005733715
-0.005735472
-0.004810366
-0.003213207
-0.001369653
0.0003922578
0.002051905
0.003987227
0.006583224
0.009512091
0.01149311
0.01145731
0.009411021
0.006294246
0.003433327
0.001757238
0.00132574
0.001547067
0.001761837
0.001803259
0.001973153
0.002595978
0.003694901
0.004955677
0.006012247
0.006682794
0.006866768
0.006486389
0.005661942
0.00512425
0.005984396
0.008747023
0.01298507
0.01775019
0.02182013
0.02403136
0.02409084
0.02268442
0.02086804
0.01939739
0.01840985
0.01740481
0.01570779
0.01304765
0.009671245
0.006085803
0.002908229
0.0006994624
-0.0004232006
-0.0008228037
-0.001032604
-0.001434003
-0.002312795
-0.0040683
-0.006891457
-0.01055598
-0.0145929
-0.01859392
-0.02237774
-0.02557784
-0.02705708
-0.02590628
-0.02234265
-0.01747127
-0.01247625
-0.008031153
-0.004525681
-0.002363699
-0.001587811
-0.001761094
-0.002263794
-0.002675903
-0.003139026
-0.004221119
-0.006289545
-0.009200535
-0.01229509
-0.0147318
-0.01609621
-0.01649511
-0.01616477
-0.01533348
-0.01422221
-0.01308306
-0.01229152
-0.01211465
-0.01241042
-0.01263694
-0.01223495
-0.01077699
-0.008171954
-0.004748634
-0.001022851
0.00260893
0.006018954
0.009278753
0.01212553
0.01356912
0.01285262
0.01017601
0.006462918
0.00268244
-0.0006550056
-0.003566469
-0.006069482
-0.007404452
-0.006722069
-0.003995228
-4.541232e-06
0.00426744
0.008196551
0.01168873
0.01499765
0.01834111
0.02105895
0.02174777
0.01969279
0.01544208
0.01025919
0.005253827
0.0008804669
-0.002794386
-0.005344169
-0.006316772
-0.005812197
-0.004437997
-0.00288985
-0.001738757
-0.00151689
-0.002431832
-0.004211983
-0.006337705
-0.008333979
-0.009586994
-0.009403952
-0.007627209
-0.004755477
-0.001541094
0.001440189
0.00380313
0.005348024
0.00619207
0.006655063
0.006930267
0.006995197
0.006791716
0.006424748
0.006165972
0.006221296
0.006596414
0.007239431
0.008484308
0.01082043
0.01433728
0.01864741
0.02319289
0.02749278
0.03077103
0.03213842
0.03143159
0.02931122
0.02654062
0.02343729
0.02000704
0.01621252
0.01210543
0.007817442
0.003487988
-0.0007978131
-0.005024837
-0.00922346
-0.01343132
-0.01766716
-0.02192682
-0.02612673
-0.0294311
-0.03024588
-0.02776722
-0.02266309
-0.01644031
-0.01041932
-0.005125594
-0.0003721715
0.003775295
0.0065266
0.007315712
0.006400264
0.004631582
0.00309989
0.002809254
0.004073924
0.006427812
0.009015079
0.01106227
0.01228885
0.01292511
0.01332419
0.01362848
0.01380968
0.01379771
0.01356698
0.01316669
0.01268827
0.01221227
0.01177572
0.01134172
0.01050564
0.008513415
0.004987139
0.0002394174
-0.005025597
-0.01019199
-0.01501179
-0.01958161
-0.02403461
-0.02752599
-0.0283571
-0.02571559
-0.0203481
-0.01385332
-0.007602855
-0.002267386
0.001328344
0.0021438
3.534914e-05
-0.00403899
-0.008729942
-0.01308639
-0.01670363
-0.01882664
-0.01849963
-0.01560703
-0.01102936
-0.006221682
-0.002598851
-0.0007096505
-0.0002168975
-0.0005337081
-0.00121264
-0.002176656
-0.003605809
-0.005606524
-0.00805583
-0.01042877
-0.01186295
-0.01187085
-0.01067931
-0.008949916
-0.0072471
-0.005703229
-0.004144067
-0.002402883
-0.0008372664
-0.0003411379
-0.001468019
-0.003987614
-0.007163108
-0.01026099
-0.01246585
-0.01274037
-0.01067848
-0.006857298
-0.002350374
0.001967129
0.005785018
0.009280499
0.01267408
0.01552071
0.01704778
0.01699587
0.01580218
0.01417095
0.01228525
0.009663128
0.005885724
0.00104271
-0.004377592
-0.009838781
-0.01473929
-0.01812649
-0.01940881
-0.01889696
-0.01751187
-0.01614414
-0.01527794
-0.01500716
-0.0151395
-0.01538047
-0.01550406
-0.01533992
-0.01477969
-0.01386458
-0.01261406
-0.01043972
-0.006554115
-0.0008250422
0.0061278
0.01342757
0.02046433
0.02703361
0.03255216
0.03577799
0.03608636
0.03407934
0.03106286
0.02807235
0.02501081
0.02106219
0.01571107
0.00915062
0.002028797
-0.005028483
-0.01171019
-0.01744985
-0.02057052
-0.01975565
-0.01536224
-0.009049236
-0.002573001
0.003127238
0.007985468
0.01165215
0.0131208
0.01191902
0.008638794
0.004459674
0.0003877962
-0.003173591
-0.006370573
-0.009565398
-0.01294424
-0.01581125
-0.01679886
-0.01522053
-0.01159327
-0.007108945
-0.002810091
0.000882612
0.004013092
0.006607385
0.008662083
0.01029045
0.01186688
0.01398201
0.01697566
0.02071692
0.02475536
0.02830915
0.03045523
0.0308657
0.03000771
0.02871279
0.02752683
0.02610114
0.02363252
0.01974687
0.0147576
0.009338612
0.004129849
-0.0002237788
-0.003267868
-0.005097508
-0.00625543
-0.007345073
-0.00894902
-0.01183837
-0.01643826
-0.02244733
-0.02910731
-0.03572011
-0.04178061
-0.04614278
-0.04745628
-0.0455268
-0.04146393
-0.03688295
-0.03316098
-0.03085465
-0.02961936
-0.02865691
-0.02701849
-0.0239573
-0.01949122
-0.01485262
-0.01187134
-0.01146052
-0.01312013
-0.0155794
-0.01771767
-0.01886186
-0.01865108
-0.01720594
-0.01505554
-0.01279871
-0.01090877
-0.00963634
-0.008910599
-0.008445287
-0.007956089
-0.007311209
-0.006542113
-0.005757306
-0.005044357
-0.004422025
-0.003846163
-0.003242312
-0.00255887
-0.001796133
-0.0009925321
-0.0001950638
0.0004584116
0.0006207228
3.107884e-05
-0.00123935
-0.002843332
-0.004310555
-0.005308936
-0.005750878
-0.005572433
-0.004502745
-0.002131627
0.001601799
0.006279587
0.0112924
0.01618334
0.02049569
0.02318883
0.02340745
0.02132909
0.01797694
0.01447118
0.01145841
0.009244355
0.008064399
0.007879294
0.008335488
0.008987056
0.00949249
0.009682388
0.009588236
0.00936733
0.009189283
0.009185776
0.009398719
0.009766722
0.01018262
0.01056723
0.01098243
0.01170939
0.01298906
0.01480269
0.01683877
0.01834906
0.01855292
0.01729297
0.01507303
0.01261737
0.01042119
0.008581969
0.006914126
0.005178466
0.003251779
0.001162234
-0.000978858
-0.003070595
-0.005075303
-0.006922869
-0.008257643
-0.008702613
-0.008246505
-0.007236257
-0.006109969
-0.005153835
-0.004418916
-0.003791391
-0.003127556
-0.002317521
-0.001152263
0.0005976932
0.002945207
0.005672178
0.008477681
0.0108791
0.01217482
0.01203806
0.01080368
0.009195887
0.007824198
0.006891025
0.00621937
0.005282814
0.0034177
0.0003680343
-0.003561118
-0.007796978
-0.01187643
-0.01535676
-0.01729431
-0.01693718
-0.01447996
-0.01087614
-0.00714984
-0.003858905
-0.001000724
0.001733041
0.004383479
0.006122853
0.006022771
0.003974548
0.0006941044
-0.002786829
-0.00534169
-0.006206198
-0.00546882
-0.003932657
-0.002553724
-0.001855703
-0.001734106
-0.001398436
0.0001871175
0.00343852
0.007845779
0.01203445
0.01462296
0.01522459
0.01449269
0.01345912
0.0128884
0.01301986
0.01363111
0.01431665
0.01463562
0.01413602
0.01266587
0.01048722
0.008056867
0.005733354
0.003630779
0.001660477
-0.0003291177
-0.002305285
-0.003589764
-0.003335297
-0.001357927
0.001774621
0.005224938
0.008217322
0.009819318
0.009414512
0.007236264
0.004148886
0.001058854
-0.001551957
-0.003716917
-0.005752736
-0.00795174
-0.01028609
-0.01213659
-0.0128044
-0.01215396
-0.01064232
-0.008920589
-0.007433137
-0.006287594
-0.005664077
-0.006127963
-0.008032838
-0.01114191
-0.01483114
-0.01851335
-0.02182193
-0.024071
-0.02436627
-0.02250566
-0.01915897
-0.01533526
-0.01176845
-0.008655563
-0.005785443
-0.002871865
-8.670771e-05
0.001870165
0.002511289
0.001939219
0.0005276121
-0.001374645
-0.003507722
-0.005713159
-0.007663531
-0.008386655
-0.00702225
-0.003633898
0.0009186856
0.005622397
0.009511227
0.01155447
0.0113556
0.009466423
0.006924069
0.004730614
0.003669725
0.00395278
0.005165318
0.006644772
0.007906128
0.008673411
0.008533901
0.00719801
0.004826517
0.001918319
-0.0008253178
-0.002283032
-0.001585717
0.001151889
0.005017127
0.008994705
0.01249308
0.0150075
0.01571882
0.01425821
0.01111403
0.007249203
0.003481652
0.0001340298
-0.0029202
-0.005953065
-0.008562345
-0.009182554
-0.00659663
-0.001055823
0.005943239
0.01199409
0.01491859
0.01427922
0.01135496
0.007994327
0.005709614
0.005206928
0.006191893
0.007788096
0.009194888
0.01006947
0.01028772
0.00966438
0.008183034
0.006100169
0.003786744
0.001518862
-0.0006169698
-0.002650751
-0.004380563
-0.005349572
-0.005331357
-0.004531348
-0.003397159
-0.002329285
-0.00173906
-0.002224471
-0.004094067
-0.00707807
-0.01056039
-0.01395667
-0.01676404
-0.01865127
-0.01952829
-0.01895094
-0.01638165
-0.01190959
-0.006266636
-0.0003303625
0.005344762
0.01066665
0.01584478
0.02105744
0.02555078
0.02759931
0.02622315
0.02201398
0.0165257
0.01128418
0.007682275
0.006691833
0.008169509
0.01104034
0.01408735
0.0163238
0.01665655
0.01448862
0.01025485
0.005051573
-0.000106449
-0.004765185
-0.009032234
-0.01326598
-0.01769202
-0.02193599
-0.02516186
-0.02643162
-0.0251901
-0.02179106
-0.01726053
-0.01265256
-0.008695024
-0.005653844
-0.003308791
-0.00120229
0.00110648
0.003986915
0.007566481
0.01165357
0.01557489
0.01784962
0.0173009
0.0140738
0.009376877
0.004558584
0.000433542
-0.002861373
-0.005681015
-0.008498129
-0.01159431
-0.01503169
-0.01882818
-0.02271913
-0.02533444
-0.0250751
-0.02162691
-0.01607995
-0.00999649
-0.004450004
0.000337349
0.004684337
0.008848498
0.01286897
0.01670405
0.02034352
0.0237913
0.02659108
0.02777738
0.02685707
0.0242583
0.02100771
0.01823905
0.01659463
0.01596345
0.0157673
0.01543989
0.0146613
0.01328559
0.01136426
0.009121464
0.006839461
0.004945851
0.003921685
0.00389309
0.004553615
0.005425827
0.006158457
0.006521136
0.006118309
0.004654227
0.002247968
-0.0006602546
-0.003553309
-0.005925408
-0.007512932
-0.008456358
-0.009280577
-0.01063099
-0.01280737
-0.01563338
-0.01866161
-0.02107163
-0.02169129
-0.01998029
-0.01650299
-0.01262389
-0.009590986
-0.007802623
-0.006840882
-0.005994701
-0.004659754
-0.002347634
0.001089167
0.005345269
0.009900296
0.01434537
0.01854798
0.02260572
0.02668914
0.03088871
0.03469891
0.03651835
0.03505982
0.0305315
0.02432877
0.01798052
0.01232577
0.007358186
0.002615715
-0.002029374
-0.005977319
-0.008637976
-0.01001494
-0.0106685
-0.01135604
-0.01257274
-0.01434516
-0.01631551
-0.01798376
-0.01904813
-0.01912648
-0.01732593
-0.01310366
-0.006871804
0.0003274198
0.007517104
0.01423903
0.02026913
0.02464826
0.02633071
0.02531479
0.02263344
0.01957362
0.01696585
0.01521273
0.01461824
0.01517396
0.01645336
0.01779437
0.01870696
0.01907823
0.01880404
0.01760452
0.01534995
0.01200631
0.00761449
0.002424314
-0.003173959
-0.008837499
-0.01439915
-0.0198651
-0.02531035
-0.03035995
-0.03365985
-0.0340904
-0.03182035
-0.02806022
-0.02414836
-0.02082837
-0.01810656
-0.015527
-0.01245885
-0.008496323
-0.003717639
0.001357231
0.005928005
0.009416025
0.01154057
0.01222045
0.01174021
0.01057454
0.008764349
0.005949558
0.001970701
-0.002898962
-0.008150763
-0.01335447
-0.01831286
-0.02280559
-0.02644482
-0.02906786
-0.03091516
-0.03244035
-0.03402104
-0.03579949
-0.03751521
-0.03798684
-0.03591426
-0.03111453
-0.02456832
-0.0176296
-0.01152492
-0.007177317
-0.004719693
-0.003678413
-0.003489239
-0.003698559
-0.004053454
-0.004695903
-0.00609823
-0.008531178
-0.01181052
-0.01539547
-0.01827515
-0.01939428
-0.01851488
-0.01629902
-0.0137286
-0.01148878
-0.009622138
-0.007501085
-0.004453822
-0.0003317209
0.004485685
0.009446209
0.01417551
0.01860641
0.02275176
0.02572333
0.02601459
0.02307185
0.01774453
0.01154238
0.005660953
0.0004973991
-0.004218735
-0.008976571
-0.01407119
-0.01908799
-0.02274328
-0.02406951
-0.02323149
-0.0212492
-0.01921674
-0.01770988
-0.01652024
-0.01474008
-0.01159879
-0.007071301
-0.001756422
0.003627114
0.008656353
0.0131547
0.01677315
0.01923007
0.02066059
0.02150544
0.02207712
0.02240915
0.02244496
0.02219367
0.02170795
0.02076579
0.01893884
0.01608145
0.01247354
0.008585354
0.00472411
0.0008998139
-0.003020241
-0.007132265
-0.01142464
-0.01580823
-0.02018726
-0.02449877
-0.02836342
-0.03065159
-0.03047419
-0.02802957
-0.02436525
-0.02059638
-0.0171969
-0.01385849
-0.0100512
-0.005544176
-0.0008369757
0.002495078
0.003058631
0.0008269037
-0.003035882
-0.007113186
-0.0105211
-0.01315385
-0.0153563
-0.01722532
-0.01854497
-0.01915123
-0.01885899
-0.01742803
-0.01489866
-0.01165451
-0.008221043
-0.005285944
-0.003527891
-0.003098787
-0.003563854
-0.004275943
-0.004703301
-0.004337116
-0.002863523
-0.0004251749
0.002505163
0.005448839
0.008045996
0.01000128
0.01124732
0.01192616
0.01214312
0.01196267
0.01146271
0.01035633
0.007808929
0.003314587
-0.002802349
-0.009682157
-0.01651963
-0.02293138
-0.02851563
-0.03210029
-0.032763
-0.03078792
-0.02744588
-0.02419957
-0.0218943
-0.02050236
-0.01946236
-0.01807473
-0.01567983
-0.01205092
-0.007521421
-0.002686578
0.001831193
0.005058309
0.006158602
0.005201658
0.003157614
0.001310529
0.0004449536
0.0005333261
0.00103001
0.001374045
0.001338254
0.001208541
0.001561999
0.002736086
0.004615586
0.006796173
0.008865628
0.01044273
0.01118809
0.01106633
0.01033951
0.009043104
0.006823384
0.003473666
-0.0007601342
-0.005053664
-0.008308802
-0.009990429
-0.01036378
-0.01005189
-0.0096039
-0.009290163
-0.009104677
-0.008744138
-0.007491555
-0.004786041
-0.0007259369
0.004066662
0.008886013
0.01287648
0.01494805
0.01466387
0.01261166
0.009957998
0.007695291
0.006164303
0.005114522
0.004086194
0.002855237
0.001856764
0.00179738
0.002953233
0.004977743
0.007156482
0.008906327
0.01008255
0.01096806
0.01213363
0.0140302
0.01667938
0.01975019
0.02274081
0.02486761
0.02548666
0.02463617
0.02294281
0.02110336
0.01928001
0.01710287
0.01422104
0.01065374
0.006889382
0.003605746
0.001150207
-0.0006215878
-0.002125838
-0.003732591
-0.005583421
-0.007511816
-0.008630663
-0.00774056
-0.004463456
0.000513061
0.006045246
0.01126652
0.01592496
0.02025843
0.02464385
0.02919142
0.0333912
0.03650997
0.03802482
0.03792223
0.03673498
0.03518983
0.03380507
0.03268292
0.03144427
0.02956601
0.02685388
0.02353438
0.02002333
0.01664468
0.01349702
0.01059253
0.008152227
0.006414626
0.005381546
0.005106757
0.005900618
0.007889284
0.01078756
0.01408303
0.01734432
0.02031856
0.02229161
0.02210653
0.01932227
0.01460083
0.009141825
0.00390928
-0.0007568434
-0.004725201
-0.007182199
-0.00730221
-0.005168161
-0.001698004
0.001918307
0.004330655
0.004554179
0.002656549
-0.0004306186
-0.003642203
-0.006330149
-0.008240399
-0.009424263
-0.01016798
-0.01071191
-0.01100841
-0.01090381
-0.01034707
-0.009358645
-0.008005088
-0.006413209
-0.004727164
-0.00304883
-0.00142187
-5.375315e-05
0.0005058193
-0.000127142
-0.001810706
-0.004027356
-0.006256214
-0.008236026
-0.009866526
-0.0105328
-0.009357581
-0.006133524
-0.001495877
0.003592623
0.008430973
0.0128304
0.01695925
0.02052156
0.02233886
0.02158438
0.01857234
0.01442082
0.01024761
0.006608669
0.003443966
0.0003825243
-0.002831564
-0.00575558
-0.007477797
-0.007547966
-0.006304281
-0.00451912
-0.002929329
-0.002209829
-0.002784611
-0.004521495
-0.006869583
-0.009254235
-0.01122311
-0.01198076
-0.01077263
-0.007630173
-0.003325767
0.00120807
0.005349122
0.008524812
0.01012896
0.01008132
0.008928319
0.007436038
0.006144229
0.005249591
0.004738435
0.004471103
0.004275671
0.004039212
0.003728399
0.003232587
0.002307396
0.0008282545
-0.0009761686
-0.002495409
-0.003222784
-0.003123533
-0.002554529
-0.001949198
-0.001567574
-0.001612176
-0.002450468
-0.004289935
-0.00694604
-0.00998561
-0.01300586
-0.01560591
-0.01714447
-0.01721801
-0.01604173
-0.0142523
-0.01246445
-0.01097126
-0.009734105
-0.008638308
-0.007692523
-0.006926473
-0.006161114
-0.005067034
-0.003476364
-0.001580675
0.0001551798
0.00138467
0.002098962
0.002542943
0.002996497
0.003609095
0.004313886
0.004583716
0.003690476
0.001390019
-0.001923151
-0.005566868
-0.008688221
-0.00993341
-0.008363098
-0.00427858
0.001087003
0.006104124
0.009152245
0.009605775
0.008126619
0.006103088
0.004907809
0.005144455
0.006492016
0.008175237
0.009490923
0.01000183
0.009676799
0.008843477
0.007924002
0.007184224
0.006652793
0.006160158
0.005228614
0.00329616
0.0002248705
-0.003617652
-0.007411747
-0.009802393
-0.009831217
-0.007686968
-0.004412508
-0.001140634
0.001180231
0.001866524
0.0009204406
-0.001016453
-0.003150442
-0.004989071
-0.006460621
-0.007510616
-0.007761786
-0.006946004
-0.005195524
-0.002759808
0.000259798
0.00378194
0.00747781
0.01060916
0.0125913
0.01344685
0.01366923
0.01360515
0.01305709
0.01171315
0.009558592
0.006905344
0.004470489
0.003368518
0.004244592
0.006793887
0.01011141
0.01334442
0.01596367
0.0172774
0.01668717
0.01430891
0.01089522
0.007299444
0.00403476
0.001479699
0.0002806112
0.0008021022
0.002730845
0.005323471
0.007899497
0.01015409
0.01215439
0.01413298
0.01627165
0.01853452
0.02016526
0.01991689
0.01724701
0.01272124
0.007475492
0.002453715
-0.001978286
-0.005720819
-0.008597088
-0.01058425
-0.01194479
-0.01323008
-0.0151223
-0.01789046
-0.02071018
-0.0220329
-0.02100153
-0.0180083
-0.01418238
-0.01056537
-0.007830105
-0.006450232
-0.006454361
-0.00737311
-0.008547862
-0.009380999
-0.009539016
-0.00908817
-0.008356962
-0.007672751
-0.007210703
-0.007193679
-0.00793984
-0.009532963
-0.01171457
-0.01395233
-0.01567429
-0.01664989
-0.01706457
-0.01718446
-0.01695669
-0.01618821
-0.01484685
-0.0131129
-0.01124599
-0.009435055
-0.007735437
-0.00614109
-0.004752398
-0.003704598
-0.003055776
-0.003042204
-0.00403448
-0.006099766
-0.008903108
-0.01191613
-0.01449497
-0.01611493
-0.01673133
-0.01673943
-0.01664348
-0.01675655
-0.01711079
-0.01755846
-0.01793575
-0.01817173
-0.01830005
-0.01836959
-0.01802885
-0.01648544
-0.01330353
-0.008799732
-0.004012498
-0.0002818344
0.001706374
0.002276069
0.002369237
0.002842504
0.00400385
0.005635696
0.007286265
0.008246361
0.007673025
0.00530257
0.001644964
-0.002448298
-0.00631347
-0.009533144
-0.01177822
-0.01301772
-0.01346618
-0.01337205
-0.01296192
-0.01243013
-0.01199718
-0.01185124
-0.01202261
-0.01239301
-0.01277971
-0.01279671
-0.0118807
-0.009800652
-0.006948799
-0.004208381
-0.002295623
-0.001315224
-0.000836131
-0.0002321141
0.0008999383
0.002556009
0.004454652
0.006208751
0.007312795
0.007434173
0.006682047
0.005486364
0.004293728
0.003386438
0.002832082
0.002545775
0.002610309
0.003296443
0.00471498
0.006687102
0.008812716
0.01055624
0.0115758
0.01193275
0.01196588
0.01200644
0.01202624
0.01161496
0.01045087
0.008582771
0.006340745
0.004081429
0.001996423
9.593892e-05
-0.001569138
-0.00282639
-0.003595584
-0.003953265
-0.003909198
-0.003378443
-0.002369143
-0.00104222
0.0002998098
0.001322405
0.001886128
0.002086288
0.002034093
0.001737794
0.001196803
0.0004650688
-0.0003656556
-0.001213404
-0.002033754
-0.002748182
-0.003173761
-0.00318772
-0.002844595
-0.002324012
-0.00188346
-0.001953292
-0.002873564
-0.004601316
-0.006778776
-0.008979326
-0.010841
-0.01220214
-0.01316352
-0.01396913
-0.01482952
-0.01579425
-0.016717
-0.01741276
-0.01775677
-0.0176577
-0.01713478
-0.01633643
-0.01545138
-0.0146086
-0.01383924
-0.01310437
-0.0123567
-0.01161768
-0.01096745
-0.01045695
-0.0100699
-0.009835092
-0.01002044
-0.01089285
-0.01243657
-0.01436772
-0.0162454
-0.01765061
-0.0184496
-0.01873617
-0.0184418
-0.01740751
-0.01566927
-0.01351979
-0.01153971
-0.01033037
-0.01006665
-0.01045215
-0.01099756
-0.01123001
-0.01085014
-0.009884379
-0.008607104
-0.007321915
-0.006191074
-0.005204055
-0.004265266
-0.00335391
-0.002553464
-0.0019336
-0.001542162
-0.001624037
-0.002467683
-0.004082261
-0.006178522
-0.008176245
-0.009069543
-0.008126676
-0.005486505
-0.001949532
0.0016298
0.004795695
0.007419279
0.009313412
0.01036733
0.01073972
0.01078567
0.01089213
0.01129125
0.01197598
0.01278368
0.01345989
0.01361489
0.01298629
0.01155735
0.009387141
0.006623835
0.00351234
0.0004323918
-0.002041417
-0.003539805
-0.004174068
-0.004362584
-0.004426039
-0.004438147
-0.004342927
-0.004089404
-0.003689713
-0.003146762
-0.002310457
-0.001023433
0.0006968638
0.002671839
0.004692666
0.006634488
0.00846563
0.0100888
0.01133596
0.01215605
0.01266845
0.01306851
0.01350653
0.01402432
0.01452508
0.01484377
0.01489935
0.01474566
0.01451009
0.01430306
0.01416656
0.01407943
0.01399562
0.01389217
0.01386561
0.01410349
0.01469841
0.01557651
0.01655278
0.01740188
0.01798389
0.01830989
0.01822463
0.01699735
0.01400821
0.009382199
0.003851694
-0.001670989
-0.006151213
-0.008900171
-0.009994421
-0.009788707
-0.008556341
-0.006584818
-0.004195728
-0.001636581
0.001111182
0.004264961
0.007940516
0.01197675
0.01571836
0.01833493
0.01953307
0.01970424
0.01954151
0.01957843
0.01997204
0.02057174
0.02107825
0.02118658
0.02079996
0.02013379
0.01955157
0.01928522
0.01932594
0.01950609
0.01962162
0.01931142
0.01812538
0.01593851
0.01308232
0.01037408
0.008750056
0.008555356
0.009401992
0.0105757
0.01152474
0.01206283
0.01213047
0.01165353
0.01067714
0.009387038
0.008000677
0.00667127
0.005514717
0.004601611
0.003906038
0.00339688
0.003263472
0.003750573
0.004874412
0.006403959
0.007962625
0.009080547
0.009476037
0.009235668
0.008581193
0.007438251
0.005604998
0.003230327
0.000959175
-0.0006080391
-0.001348107
-0.001509851
-0.001328427
-0.0009212016
-0.0003490312
0.0003464784
0.00118743
0.002251249
0.003562533
0.005054019
0.006613791
0.008152819
0.009639524
0.01102281
0.01197128
0.01208462
0.01130982
0.01003698
0.008831248
0.008042153
0.007673558
0.007614067
0.007857577
0.008416369
0.00923061
0.01014667
0.0107641
0.01059249
0.009486255
0.007777165
0.00611156
0.005000342
0.00452278
0.004413529
0.004496742
0.005022963
0.006308077
0.008363684
0.01089588
0.01343681
0.01544662
0.01664602
0.01714774
0.01706322
0.01627711
0.01474226
0.01275153
0.01091862
0.009719243
0.009193273
0.009037719
0.008867997
0.008319983
0.007160678
0.005438002
0.003415627
0.001409937
-0.0001006842
-0.0005691905
0.0001433234
0.001673393
0.003458451
0.005075367
0.006202047
0.006478886
0.00579982
0.004428571
0.002808274
0.001369054
0.0003784871
-0.0001734428
-0.0004996603
-0.0008349794
-0.001300323
-0.00188054
-0.00247659
-0.002918297
-0.003044798
-0.002836882
-0.002418342
-0.001954934
-0.00156238
-0.001417233
-0.001885601
-0.00319722
-0.005223345
-0.00759543
-0.009936392
-0.01163847
-0.01173248
-0.009744196
-0.006106447
-0.001766412
0.00244569
0.006004691
0.008447365
0.009617659
0.009836807
0.009682218
0.009678772
0.01006887
0.01077721
0.01157065
0.01219
0.01217944
0.01108131
0.008871916
0.005968359
0.002907322
3.466046e-05
-0.002595274
-0.005082144
-0.007340321
-0.009117091
-0.01030294
-0.01103613
-0.01158058
-0.0120796
-0.01237904
-0.01225282
-0.01165612
-0.01074745
-0.009761958
-0.008941864
-0.008483956
-0.008416133
-0.008597883
-0.008837123
-0.009006381
-0.00908701
-0.009185544
-0.009489436
-0.01010342
-0.01097857
-0.01202324
-0.01324339
-0.01467877
-0.01631317
-0.01803474
-0.01956638
-0.02063404
-0.02119503
-0.02143527
-0.02160789
-0.02187817
-0.0222718
-0.02272013
-0.0231402
-0.02347892
-0.02367843
-0.02369687
-0.02355657
-0.02333112
-0.02309655
-0.02287708
-0.02247467
-0.02148492
-0.01969261
-0.01724978
-0.01452429
-0.01184514
-0.009349693
-0.006991163
-0.004645013
-0.002247936
-0.0001583815
0.0008543135
0.0003633188
-0.001364052
-0.0036418
-0.005844956
-0.007646733
-0.008818332
-0.009234228
-0.009021022
-0.008486291
-0.007924205
-0.007478726
-0.007135079
-0.006801504
-0.006401573
-0.005919537
-0.005391045
-0.004865372
-0.004372549
-0.003913044
-0.003468106
-0.003017436
-0.002551456
-0.002072925
-0.00161225
-0.00130975
-0.001341109
-0.001746113
-0.002404535
-0.003136836
-0.003790439
-0.004142828
-0.003950456
-0.003176511
-0.002018297
-0.0007521403
0.000431346
0.001485842
0.002337523
0.002651987
0.002140814
0.0008604911
-0.0008487737
-0.002612749
-0.004222057
-0.005671358
-0.007071863
-0.008533266
-0.01003074
-0.01119289
-0.01156698
-0.01105172
-0.009940475
-0.00870542
-0.007891433
-0.007881471
-0.008648394
-0.00984023
-0.01103355
-0.01174549
-0.01153335
-0.01034021
-0.008515024
-0.006533143
-0.004712474
-0.003111449
-0.001614507
-0.0001733754
0.001053046
0.00190264
0.002381915
0.002704452
0.003211935
0.004125396
0.005416681
0.006889049
0.008340095
0.009669967
0.01083695
0.01175996
0.012395
0.01277208
0.01279862
0.01226541
0.01111508
0.009541393
0.007941655
0.006686118
0.005901807
0.005552599
0.005545796
0.005750254
0.006036604
0.006322673
0.006566549
0.006659776
0.006461746
0.005937267
0.005136031
0.004108915
0.00291362
0.001620003
0.0002908185
-0.00103732
-0.002356339
-0.003674763
-0.004986336
-0.006093878
-0.00660572
-0.006317704
-0.005385736
-0.00417506
-0.003009823
-0.0020542
-0.001448452
-0.001314905
-0.001621678
-0.002190482
-0.002817039
-0.003377297
-0.003810477
-0.004025882
-0.003966854
-0.003678251
-0.003274716
-0.002865653
-0.002544593
-0.002479694
-0.002814698
-0.003529104
-0.004460757
-0.005425626
-0.006317523
-0.007130659
-0.00791843
-0.008735511
-0.009602372
-0.01050419
-0.01141132
-0.01228537
-0.01292049
-0.01293589
-0.0121461
-0.01072077
-0.009028492
-0.007388085
-0.005926125
-0.004591275
-0.00326145
-0.001848376
-0.0003410536
0.001207927
0.002668286
0.003867732
0.004737954
0.005361228
0.005893923
0.00646263
0.00711029
0.007808167
0.008486337
0.009005533
0.009227832
0.009141552
0.00886221
0.008540737
0.008265994
0.007984164
0.007552297
0.006888161
0.006028706
0.005083419
0.004154171
0.003298947
0.002640937
0.002372323
0.002559299
0.003079931
0.003722783
0.004278167
0.004556144
0.004486714
0.004158153
0.003735389
0.00335041
0.003046447
0.002791721
0.002526187
0.002123572
0.001349701
6.63867e-05
-0.001623674
-0.003348137
-0.004678153
-0.005425817
-0.00554253
-0.004965482
-0.003655456
-0.001678126
0.0007542492
0.003375078
0.005960023
0.008216518
0.009842301
0.01078151
0.01113377
0.01092684
0.01020654
0.00911955
0.00786355
0.00659443
0.005376561
0.004196183
0.003009459
0.001786085
0.0005257085
-0.0007506575
-0.001956376
-0.002741513
-0.00271709
-0.00183574
-0.0004068958
0.001153037
0.002527626
0.003452939
0.003787327
0.003626229
0.003224307
0.002823479
0.002536541
0.002342605
0.002158454
0.001916931
0.001613257
0.001384048
0.001476339
0.002019722
0.002929357
0.003995745
0.005031728
0.00595986
0.006768504
0.007319007
0.007421768
0.007049997
0.006364435
0.005588259
0.00487546
0.004261053
0.003694748
0.00310522
0.002385806
0.001360561
-6.558053e-05
-0.001817458
-0.003715752
-0.00559827
-0.007378783
-0.008989613
-0.01038809
-0.01160275
-0.01263017
-0.01323578
-0.01317112
-0.01235371
-0.01078601
-0.008601277
-0.006126806
-0.003929092
-0.00247632
-0.001839141
-0.001821626
-0.002151731
-0.002594736
-0.003017758
-0.003324554
-0.003378867
-0.003062548
-0.002316242
-0.001203162
0.0001159119
0.001468521
0.002677914
0.003592428
0.004153707
0.004334086
0.00415949
0.003742053
0.003259148
0.002883656
0.002686587
0.002623164
0.002601829
0.002589382
0.002629251
0.002768152
0.003007414
0.003307378
0.00361888
0.003893081
0.003946726
0.003489761
0.002410205
0.0008662061
-0.0008525017
-0.002512824
-0.004034754
-0.005468564
-0.006908876
-0.008416649
-0.009930864
-0.01114653
-0.01174934
-0.01170616
-0.01125981
-0.01072899
-0.01031958
-0.01006273
-0.009872699
-0.009647312
-0.009338046
-0.008961143
-0.008565792
-0.008193505
-0.007814652
-0.007234576
-0.006245738
-0.004824419
-0.003130892
-0.001395398
0.0001032152
0.001133424
0.001681553
0.001919123
0.001991167
0.001937855
0.001759887
0.001472369
0.001113483
0.0007277912
0.000375599
0.000173174
0.0002108224
0.0004722045
0.0008560407
0.001251808
0.001598778
0.001895118
0.002159281
0.002400758
0.002623105
0.002830237
0.003027443
0.00321977
0.003410433
0.003585398
0.003663327
0.003549702
0.003230583
0.002778449
0.00229291
0.001841016
0.001398192
0.0007065133
-0.0005703232
-0.002522298
-0.004937864
-0.007399453
-0.009389863
-0.0106232
-0.01112818
-0.01099634
-0.01034947
-0.009372078
-0.008257737
-0.007136547
-0.006049285
-0.004974535
-0.003884857
-0.002950837
-0.002665208
-0.003384813
-0.005008209
-0.007098172
-0.009203465
-0.01109098
-0.01273032
-0.01412294
-0.01528432
-0.0161699
-0.01647727
-0.01592422
-0.01456227
-0.01273465
-0.01082987
-0.009093534
-0.007656855
-0.006559626
-0.005723407
-0.005003026
-0.004275072
-0.003489968
-0.002665745
-0.001846631
-0.001082778
-0.0005278466
-0.0003889854
-0.0007192881
-0.001375506
-0.002135616
-0.002836331
-0.003432115
-0.003915751
-0.004164165
-0.004043765
-0.003562496
-0.002863122
-0.002117137
-0.001430257
-0.0008160848
-0.0002298708
0.0003788165
0.00103149
0.001717233
0.002406903
0.003023532
0.003434535
0.003571386
0.003488022
0.003315171
0.003218565
0.003336699
0.0036922
0.004196872
0.004729957
0.005213071
0.005625126
0.005936585
0.006104137
0.006126565
0.006059949
0.006010178
0.006074415
0.006275783
0.006565397
0.006862864
0.007054519
0.007035566
0.006794603
0.006413969
0.006002923
0.005668166
0.005609823
0.006017194
0.006887278
0.008035938
0.009238503
0.010357
0.01137558
0.01235184
0.01326434
0.013909
0.01410968
0.01388921
0.01343314
0.01293126
0.01239084
0.01167374
0.01073721
0.009779926
0.009055454
0.008659785
0.008503477
0.008416447
0.008239739
0.007848725
0.007212765
0.006407243
0.00555014
0.004728848
0.004013477
0.003548558
0.003448946
0.003681701
0.004095676
0.004529638
0.005614969
0.00589115
0.005960202
0.005656617
0.004944204
0.003950609
0.002866336
0.001829899
0.000903378
0.0001522017
-0.0003756488
-0.0007083918
-0.0009348716
-0.00114806
-0.001412422
-0.001751444
-0.002146637
-0.002559706
-0.002942042
-0.003106369
-0.002760183
-0.00179196
-0.0003617339
0.001239344
0.002778012
0.004174823
0.005442187
0.00643541
0.006903894
0.006774622
0.006219812
0.005516269
0.004882407
0.004488095
0.004485844
0.004892951
0.005571293
0.006329688
0.007035582
0.007658186
0.008234925
0.008731448
0.008969902
0.008819468
0.008322438
0.007646752
0.006963959
0.006361845
0.00583406
0.005335033
0.004910888
0.004708494
0.004811876
0.005167129
0.005636212
0.006092707
0.006481001
0.006812962
0.007081378
0.007186879
0.007044048
0.006671972
0.006173793
0.005661336
0.005201536
0.004857558
0.004715854
0.004803936
0.00505922
0.005377132
0.00566521
0.005814605
0.005722597
0.005382364
0.004885727
0.004352276
0.003860055
0.003431514
0.003125925
0.003057331
0.003270423
0.003694434
0.00420076
0.00467025
0.004921129
0.00473083
0.004040126
0.003000131
0.001848437
0.0007616395
-0.0002099048
-0.001097375
-0.00190349
-0.002598782
-0.003168421
-0.003541332
-0.003567516
-0.003185545
-0.002494508
-0.001678349
-0.0008902601
-0.0001889976
0.0004430991
0.0009296537
0.001011285
0.0005165966
-0.0004714027
-0.001697412
-0.002880664
-0.003726194
-0.00404956
-0.003907943
-0.003531196
-0.003153118
-0.002899006
-0.002808573
-0.002871346
-0.003033712
-0.003228832
-0.003408835
-0.003515089
-0.003438819
-0.003115388
-0.002586529
-0.001962567
-0.001346616
-0.0007887554
-0.0003735424
-0.0003501557
-0.0009115382
-0.001999533
-0.003355478
-0.004579528
-0.005225276
-0.005118599
-0.004451028
-0.003588668
-0.002823925
-0.002251236
-0.001798783
-0.001341368
-0.0008079933
-0.0002837012
3.582888e-05
3.699088e-05
-0.0002309059
-0.0006185792
-0.0009861884
-0.001271796
-0.001491984
-0.001698721
-0.00192564
-0.00213389
-0.002244279
-0.002222252
-0.002137202
-0.002131222
-0.002297515
-0.002622713
-0.003020581
-0.003361842
-0.003476894
-0.003274827
-0.002812662
-0.002237415
-0.001695004
-0.001334641
-0.001273486
-0.001503251
-0.001902639
-0.002328286
-0.002694472
-0.002974586
-0.003060197
-0.002775863
-0.002071641
-0.00107228
2.29224e-05
0.001063119
0.002002069
0.00287636
0.003728666
0.00450011
0.005079951
0.005429216
0.005609003
0.00571446
0.00576098
0.005688858
0.005460761
0.005105081
0.004691502
0.004286116
0.003955899
0.003790977
0.00383357
0.00403839
0.004310727
0.004568763
0.004779408
0.004955349
0.005146427
0.005434039
0.005861731
0.006347274
0.006708573
0.006825162
0.00671775
0.006502351
0.006280782
0.005984259
0.005418758
0.004485666
0.003268367
0.001980809
0.000830953
-0.0001025951
-0.0008765789
-0.00160346
-0.00236722
-0.003186553
-0.004029688
-0.004852731
-0.005630454
-0.006364424
-0.007071733
-0.007728233
-0.008192533
-0.008331288
-0.008152979
-0.007791303
-0.007402497
-0.007079152
-0.006828914
-0.006608147
-0.006387176
-0.006218225
-0.006182602
-0.006303547
-0.006532541
-0.006792473
-0.007026208
-0.007217128
-0.00734764
-0.007303194
-0.006960872
-0.006321406
-0.005505407
-0.004661661
-0.003884761
-0.003230289
-0.002786836
-0.00260659
-0.002642353
-0.002766532
-0.002810904
-0.002663891
-0.002334273
-0.001916249
-0.001510292
-0.001166735
-0.0008784552
-0.0006088439
-0.0003258553
-2.004056e-05
0.0002959813
0.0005731581
0.0007300532
0.0007263647
0.0005955056
0.0004124127
0.0002431527
0.0001289017
9.287279e-05
0.0001287106
0.0001930646
0.0002080951
0.000116625
-7.710284e-05
-0.0003212186
-0.0005342438
-0.0006212356
-0.0005416597
-0.0003354611
-8.394595e-05
0.0001454279
0.0003284466
0.0004786996
0.000623203
0.0007799492
0.0009397372
0.001055258
0.001083133
0.001022766
0.0009073932
0.0007370769
0.000455129
2.686687e-05
-0.0004948655
-0.0009435976
-0.001161839
-0.001124861
-0.0009314807
-0.0007136887
-0.0005554831
-0.0004828487
-0.000522246
-0.0006922065
-0.0009690502
-0.001296914
-0.001621837
-0.001916297
-0.002180951
-0.002430605
-0.002677574
-0.002904036
-0.003042527
-0.003040244
-0.002909377
-0.002711769
-0.002512979
-0.002354834
-0.002271866
-0.002282381
-0.002368789
-0.002489206
-0.002595992
-0.002640534
-0.002600414
-0.002493762
-0.002361033
-0.002240231
-0.002164183
-0.002150811
-0.002189978
-0.002252621
-0.002310678
-0.002339467
-0.002294042
-0.002139582
-0.001888692
-0.001591214
-0.001299162
-0.001040351
-0.0008146802
-0.000607049
-0.0004078228
-0.0002360813
-0.0001214626
-7.127003e-05
-6.57207e-05
-7.169446e-05
-5.620277e-05
-4.162506e-06
7.594608e-05
0.0001634909
0.0002397171
0.0002833743
0.0002707232
0.0001982966
8.743125e-05
-3.173966e-05
-0.0001379743
-0.0002248448
-0.0002908994
-0.0003344972
-0.0003584622
-0.0003703086
-0.0003780487
-0.0003864894
-0.0003964397
-0.000406339
-0.0004144525
-0.0004201737
-0.0004240606
-0.0004271327
-0.0004301228
-0.0004344609
-0.0004520725
-0.000501722
-0.0005883268
-0.0006981457
-0.0008099344
-0.0009080568
-0.000987998
-0.00105131
-0.001094178
-0.001111419
-0.001104762
-0.001077524
-0.001027815
-0.0009563068
-0.0008705938
-0.0007815071
-0.0006974167
-0.000621493
-0.0005547903
-0.0005021945
-0.0004675523
-0.0004482561
-0.0004368688
-0.0004260473
-0.0004120021
-0.0003947838
-0.0003763929
-0.0003586633
-0.0003421597
-0.0003255782
-0.0003025113
-0.0002651055
-0.0002125309
-0.0001516346
-9.150309e-05
-3.814911e-05
7.116636e-06
4.509393e-05
7.649979e-05
0.0001016652
0.0001184287
0.0001246079
0.0001213629
0.0001103935
9.214857e-05
6.843383e-05
4.295964e-05
2.037089e-05
6.099607e-06
3.088987e-06
9.842655e-06
2.389605e-05
4.379589e-05
6.772653e-05
9.321132e-05
0.0001179814
0.0001406995
0.0001598567
0.0001728291
0.0001786801
0.0001794689
0.0001787
0.0001791541
0.0001818267
0.0001862467
0.0001916764
0.0001981222
0.0002058506
0.0002147515
0.0002243819
0.0002347857
0.0002464897
0.000259487
0.000273002
0.0002860186
0.0002978474
0.0003083356
0.0003177035
0.0003262604
0.0003342046
0.0003416069
0.0003484452
0.0003546583
0.0003602074
0.0003651066
0.0003694135
0.0003731979
0.0003765185
0.0003794139
0.0003819057
0.0003839486
0.0003853898
0.0003861804
0.0003864751
0.0003865283
0.0003865424
0.0003865954
0.0003866633
0.0003866871
0.000386613
0.0003863646
0.0003858943
0.0003852542
0.0003845586
0.0003839074
0.0003833426
0.0003828808
0.0003825397
0.0003822917
0.0003820597
0.000381764
0.0003813585
0.000380838
0.0003802192
0.0003795121
0.0003787127
0.0003778224
0.0003768432
0.0003757773
0.000374639
0.0003734539
0.0003722526
0.0003710594
0.0003698675
0.0003686458
0.0003673617
0.0003659991
0.000364559
0.000363051
0.0003614847
0.0003598649
0.0003581927
0.0003564675
0.0003546899
0.0003528614
0.0003509845
0.0003490613
0.0003470939
0.0003450836
0.0003430312
0.0003409379
0.0003388048
0.0003366328
0.000334423
0.0003321764
0.0003298938
0.0003275759
0.0003252236
0.0003228377
0.0003204191
0.0003179683
0.0003154862
0.0003129733
0.0003104303
0.000307858
0.0003052568
0.0003026277
0.0002999712
0.000297288
0.0002945788
0.0002918442
0.000289085
0.0002863019
0.0002834954
0.0002806662
