-0.009743583
-0.009730808
-0.009717916
-0.009704854
-0.009691639
-0.009678232
-0.009664638
-0.009650897
-0.009636982
-0.009622916
-0.009608724
-0.009594389
-0.009579966
-0.009565479
-0.009550943
-0.009536308
-0.009521485
-0.00950658
-0.009491381
-0.00947601
-0.009460492
-0.009445204
-0.0094301
-0.009415299
-0.009400333
-0.009385239
-0.009369623
-0.009353752
-0.009337493
-0.009321283
-0.009304563
-0.009286801
-0.009266442
-0.009243188
-0.009217124
-0.00919006
-0.009162096
-0.009134809
-0.009110103
-0.009090986
-0.009077117
-0.009067446
-0.009061045
-0.009061583
-0.00907374
-0.009100555
-0.009131559
-0.009144104
-0.009124705
-0.009088107
-0.009048448
-0.009005038
-0.008948948
-0.008881309
-0.00881079
-0.008755281
-0.008725654
-0.008720052
-0.008731081
-0.008757013
-0.008792957
-0.008844091
-0.008908861
-0.008966732
-0.008993875
-0.008984776
-0.008927314
-0.008825368
-0.008692612
-0.008541882
-0.008377869
-0.008224696
-0.008124153
-0.008110698
-0.008151524
-0.008202317
-0.008260253
-0.008365501
-0.00856183
-0.008877127
-0.009272684
-0.009610401
-0.009645543
-0.009348666
-0.008987334
-0.008708635
-0.008407021
-0.008015854
-0.007657216
-0.007510176
-0.007540928
-0.007571788
-0.007561891
-0.007568494
-0.007599953
-0.007667946
-0.007798434
-0.00799769
-0.008184465
-0.00827123
-0.008244446
-0.008179102
-0.008154043
-0.008174264
-0.008169313
-0.00812521
-0.008076036
-0.008058226
-0.008092298
-0.008183625
-0.00829377
-0.008400922
-0.008495747
-0.008628209
-0.00886891
-0.009233062
-0.009638113
-0.009982293
-0.01022965
-0.01045871
-0.01073865
-0.01103949
-0.0111949
-0.0109863
-0.01036702
-0.009547402
-0.008742425
-0.00803528
-0.007492307
-0.007232828
-0.007283013
-0.007524438
-0.007774607
-0.008001231
-0.008217674
-0.0084078
-0.008608822
-0.008953764
-0.009362389
-0.009531514
-0.009301091
-0.008828971
-0.008342448
-0.008026608
-0.007920455
-0.007960521
-0.008052397
-0.008173163
-0.008303145
-0.008456035
-0.008581148
-0.008546732
-0.008189546
-0.007527417
-0.006717813
-0.005974498
-0.005577169
-0.005698979
-0.006198025
-0.006938237
-0.007902967
-0.009114084
-0.01053304
-0.01192777
-0.01301063
-0.01356215
-0.01303953
-0.01114955
-0.008454659
-0.005811423
-0.003736813
-0.002436474
-0.002154241
-0.003186211
-0.004999162
-0.006590065
-0.00770593
-0.008901062
-0.01066681
-0.01284417
-0.01451157
-0.01435918
-0.01225834
-0.009718339
-0.007826533
-0.006610463
-0.005758133
-0.005190545
-0.004980634
-0.005282787
-0.005810276
-0.006053471
-0.005942447
-0.005797731
-0.005759007
-0.005739863
-0.005570647
-0.005351077
-0.005373853
-0.00584195
-0.00679718
-0.008096375
-0.009413362
-0.01063331
-0.0118279
-0.01304992
-0.01407919
-0.01446553
-0.01394517
-0.01277478
-0.01126804
-0.00963572
-0.008012704
-0.00665115
-0.005635974
-0.00519575
-0.00564024
-0.006971107
-0.0087646
-0.01071373
-0.01300347
-0.0160695
-0.01957279
-0.02241014
-0.02345346
-0.02260298
-0.0204272
-0.01721144
-0.0130557
-0.008296889
-0.003389248
0.00100597
0.003724722
0.004308626
0.003804201
0.003425388
0.003601611
0.003903745
0.00378955
0.00310353
0.001963677
0.0002253896
-0.002172905
-0.004809177
-0.007125488
-0.009592167
-0.01287469
-0.01614992
-0.01655011
-0.01329993
-0.009292732
-0.006456178
-0.004524825
-0.002815935
-0.001161454
0.0004896105
0.002244046
0.00391239
0.004865174
0.004952946
0.00448479
0.003465876
0.001765222
-0.0008795325
-0.004841477
-0.01006413
-0.01511636
-0.01826497
-0.01842657
-0.01602931
-0.01339169
-0.01206551
-0.01166627
-0.01119547
-0.01047367
-0.009902558
-0.009653826
-0.009615393
-0.009705176
-0.00965572
-0.009166438
-0.008173799
-0.006663923
-0.004678643
-0.002503747
-0.0007982118
-0.0002188951
-0.0008640125
-0.002092976
-0.002984328
-0.00303904
-0.002471315
-0.001679519
-0.001008398
-0.0005023599
-5.841267e-05
0.0003504693
0.0007630401
0.001131759
0.001228928
0.0009858189
0.0003538287
-0.0006616767
-0.001961516
-0.003502705
-0.005547283
-0.008197478
-0.01116605
-0.01369319
-0.01547163
-0.01658045
-0.0166386
-0.01500238
-0.01130042
-0.005970809
-3.618801e-06
0.006057345
0.01147755
0.01549744
0.01845549
0.02085975
0.02198265
0.02142521
0.02043315
0.01958713
0.01779253
0.01386937
0.007535159
-0.0006742585
-0.009482774
-0.01639898
-0.0192559
-0.0195183
-0.01950186
-0.01872078
-0.01610487
-0.01147622
-0.005096071
0.001949941
0.007869523
0.01174019
0.01306673
0.01125925
0.007565958
0.00441018
0.002746439
0.00183548
0.0008948226
0.0002609361
0.0005654831
0.001395713
0.001888221
0.001802508
0.001325146
0.0008726645
0.0006385046
0.0004812841
0.000195055
-0.0002895628
-0.0009962923
-0.00179145
-0.002355492
-0.002303572
-0.001261007
0.001085702
0.004769006
0.009578479
0.01506766
0.02080084
0.02562224
0.02800282
0.02754859
0.02552792
0.02331973
0.0212097
0.01883383
0.01571952
0.01159457
0.007028131
0.003361192
0.002390372
0.004137797
0.006598318
0.008716805
0.01079001
0.0134445
0.01684615
0.02056961
0.02411271
0.02706652
0.0289396
0.0293355
0.02829365
0.02647411
0.02448091
0.0220865
0.01822829
0.01195282
0.003912873
-0.00299574
-0.006390873
-0.006960485
-0.006450318
-0.005760769
-0.004904142
-0.003574413
-0.001457281
0.001319783
0.004294916
0.007838676
0.01289822
0.01919137
0.02598845
0.03271248
0.03821437
0.04104305
0.04186989
0.04223815
0.04228043
0.0411877
0.03739658
0.02948865
0.01743508
0.004351495
-0.003814116
-0.002947083
0.004076075
0.0111379
0.01605986
0.02099751
0.02840395
0.03775223
0.04644423
0.05410742
0.06157194
0.06553555
0.06455094
0.06262484
0.06254616
0.06354832
0.06400332
0.06280387
0.059094
0.05227727
0.04329171
0.03545545
0.03284274
0.03535096
0.03888918
0.04121891
0.04310166
0.04564046
0.04922287
0.05372245
0.05836821
0.06226476
0.06528989
0.06695717
0.06695426
0.06606583
0.0647898
0.06313363
0.06107114
0.05879676
0.05694645
0.05645551
0.05816774
0.06215175
0.06780274
0.07459747
0.08153663
0.08661763
0.08799319
0.08659519
0.08544838
0.0855051
0.08583802
0.08579791
0.08486869
0.08178384
0.07499271
0.06305465
0.04601545
0.0275574
0.01316874
0.001621644
-0.01017234
-0.0199175
-0.02864135
-0.04048743
-0.05481641
-0.06658855
-0.07630645
-0.08833416
-0.1009281
-0.1125277
-0.1258936
-0.1404737
-0.1524305
-0.1613986
-0.1689
-0.1747003
-0.1775245
-0.1781489
-0.1781167
-0.1768169
-0.1723968
-0.1630932
-0.148724
-0.1320031
-0.1161822
-0.1021752
-0.09208413
-0.08681905
-0.08297313
-0.07841832
-0.07282951
-0.06573316
-0.05853346
-0.05349454
-0.0501398
-0.04590193
-0.03943492
-0.0308386
-0.02102737
-0.01120667
-0.002571968
0.004250812
0.01002948
0.01504102
0.01922169
0.02341303
0.02900832
0.03515911
0.0403001
0.04541151
0.05252322
0.06193928
0.07109759
0.07810289
0.08387039
0.08880233
0.09234269
0.09324539
0.09207871
0.09012543
0.08562027
0.07433627
0.05405194
0.02805267
0.006042033
-0.006953999
-0.01795131
-0.03506118
-0.05542911
-0.07239653
-0.08516645
-0.09444231
-0.1006263
-0.1063479
-0.1131682
-0.1185493
-0.1215539
-0.1240976
-0.1278137
-0.1324635
-0.1374961
-0.1422772
-0.1459611
-0.147503
-0.1469983
-0.1454913
-0.1432246
-0.1395742
-0.1339983
-0.1265364
-0.1187546
-0.1131813
-0.1109369
-0.1103319
-0.1088142
-0.1053789
-0.09991538
-0.09159931
-0.07946277
-0.06332952
-0.04517001
-0.03054881
-0.02303815
-0.01936525
-0.01536595
-0.01066067
-0.006877436
-0.003886075
-0.0002941038
0.004271806
0.01015432
0.01798066
0.02840193
0.04128481
0.05455197
0.06465233
0.06972331
0.07066688
0.06904956
0.06716054
0.06543847
0.05985271
0.04533389
0.02104421
-0.005946182
-0.02361713
-0.02564977
-0.01753479
-0.01030794
-0.009217129
-0.01125994
-0.01190587
-0.009387333
-0.004565834
0.0005627943
0.004402957
0.006419549
0.007779873
0.01087404
0.0171662
0.02618086
0.03698967
0.0488042
0.0623632
0.07888337
0.09870529
0.1213163
0.1453499
0.1685126
0.1865783
0.2012624
0.2191147
0.2384768
0.2529296
0.2623313
0.270412
0.278464
0.2850906
0.2893602
0.2910886
0.291296
0.2911089
0.2891577
0.2820818
0.2675977
0.2474162
0.2290646
0.2208109
0.2195681
0.2147488
0.2052007
0.1975661
0.1931591
0.1883524
0.1830309
0.1790316
0.1758306
0.1718085
0.1664107
0.1598492
0.1519773
0.1415664
0.127961
0.1118759
0.0950526
0.07824033
0.05946409
0.03942776
0.01973647
-0.0003978082
-0.01920513
-0.03360224
-0.04415417
-0.05496647
-0.06491746
-0.06972974
-0.07038109
-0.06976423
-0.0684985
-0.06451231
-0.05496414
-0.03976807
-0.02303867
-0.01045009
-0.004326458
-0.002942955
-0.003422249
-0.003764573
-0.004149447
-0.006461691
-0.01395683
-0.02925323
-0.05065281
-0.06953711
-0.07770245
-0.07706087
-0.07561562
-0.07621811
-0.07674361
-0.07628503
-0.07231802
-0.0593627
-0.03398633
0.0004004915
0.03281105
0.05850207
0.08236915
0.1029293
0.1196389
0.1400625
0.1638317
0.1822029
0.1938632
0.2006305
0.2009318
0.1972519
0.1947369
0.1919644
0.182495
0.1634084
0.1407501
0.1274361
0.1269771
0.129402
0.1292327
0.128274
0.1279269
0.1271614
0.1254787
0.1229993
0.1194095
0.1127902
0.1004716
0.0807772
0.05608165
0.03279049
0.01451565
-0.001845443
-0.01775288
-0.02995423
-0.0350627
-0.03380294
-0.03184304
-0.03391884
-0.0399368
-0.04819085
-0.05626495
-0.06134867
-0.06070634
-0.05433602
-0.04590118
-0.04036769
-0.04085112
-0.04642799
-0.05206797
-0.05320968
-0.04679345
-0.0311596
-0.006384819
0.02236937
0.04449102
0.05179427
0.04955857
0.04563394
0.04116959
0.03373251
0.01695226
-0.01514682
-0.05611861
-0.0955612
-0.1269405
-0.1499703
-0.1695893
-0.1814739
-0.1822515
-0.1776926
-0.1748813
-0.1755086
-0.1741506
-0.1645737
-0.1476943
-0.1300417
-0.1175028
-0.1165632
-0.1249992
-0.1308874
-0.1296505
-0.126331
-0.1255951
-0.1280891
-0.1339363
-0.1437579
-0.155595
-0.1639613
-0.1630634
-0.1542817
-0.1444201
-0.1353907
-0.1247096
-0.1118123
-0.09751937
-0.08458207
-0.07823027
-0.0783603
-0.07850446
-0.07409181
-0.06459277
-0.05012061
-0.03069248
-0.008631542
0.01171926
0.02754384
0.04025844
0.05155857
0.06204622
0.07273753
0.08420258
0.09841993
0.1143586
0.1301418
0.1459476
0.1588664
0.1639344
0.1630594
0.1624774
0.1637648
0.1638151
0.1583886
0.1446553
0.1236676
0.1029783
0.09175575
0.09025727
0.09112493
0.08802927
0.07857265
0.06563693
0.05321772
0.04289471
0.03565602
0.0322349
0.0321923
0.03353628
0.03417609
0.03269555
0.02829929
0.020665
0.008874842
-0.008409783
-0.03015403
-0.04818603
-0.05652099
-0.05959738
-0.06253302
-0.06808402
-0.0760104
-0.08419666
-0.09206312
-0.09983353
-0.1073927
-0.1156537
-0.124588
-0.1352173
-0.1499108
-0.1696115
-0.1921788
-0.2117552
-0.2257654
-0.2352679
-0.2384111
-0.2354543
-0.2279141
-0.2105461
-0.1750863
-0.1219575
-0.06447545
-0.0287759
-0.01948577
-0.01236163
-3.560658e-05
0.005587882
0.003378759
0.004247771
0.01068406
0.01806159
0.02195159
0.02018789
0.01030629
-0.008508392
-0.0333354
-0.0542962
-0.06757791
-0.07928394
-0.09008189
-0.09682784
-0.1032614
-0.1120917
-0.1145261
-0.09719395
-0.05399344
0.00913649
0.07183591
0.109968
0.1181816
0.1200986
0.1391707
0.1670868
0.1782412
0.1717264
0.1641516
0.1563772
0.1374701
0.1045816
0.07057371
0.05818768
0.06960565
0.08087535
0.08043817
0.07432133
0.0682035
0.06200993
0.05638538
0.05307646
0.05246058
0.05355889
0.05623299
0.06061187
0.06719832
0.07667359
0.08864774
0.100391
0.108566
0.1116348
0.1101211
0.106285
0.103055
0.09997316
0.09439081
0.08521112
0.07500025
0.06894733
0.07070564
0.07769776
0.08489472
0.09087347
0.09702823
0.1032483
0.1074613
0.1078788
0.1054862
0.1021075
0.09781871
0.09075452
0.07905345
0.06353517
0.050125
0.04315804
0.04136538
0.04067669
0.03630677
0.02747048
0.01509965
-0.001238061
-0.02041125
-0.04081804
-0.06322711
-0.08583641
-0.1057164
-0.1213257
-0.132
-0.1371038
-0.1350344
-0.1310805
-0.1324466
-0.1338668
-0.1242616
-0.1004469
-0.07076653
-0.04674808
-0.03757664
-0.04202962
-0.04866528
-0.04941687
-0.04350376
-0.03446334
-0.02884415
-0.03472216
-0.05698709
-0.09126367
-0.1262534
-0.1482317
-0.1527601
-0.1519979
-0.1561262
-0.1631299
-0.1672403
-0.1682237
-0.1683241
-0.1675528
-0.1635856
-0.153805
-0.1376828
-0.1174483
-0.09780254
-0.08149107
-0.06624918
-0.0487478
-0.02917293
-0.01058412
0.005070314
0.0157331
0.02146402
0.02493899
0.02778832
0.0305503
0.03454839
0.04002328
0.04480447
0.04633264
0.04272111
0.03131753
0.009995472
-0.01864774
-0.04348247
-0.05479348
-0.05693725
-0.05718194
-0.05562727
-0.05259775
-0.04832926
-0.03771211
-0.01425725
0.01991736
0.05306979
0.07366387
0.08264519
0.08678003
0.08913189
0.09211506
0.09553082
0.09546929
0.08675697
0.06672771
0.03988145
0.01992421
0.01677844
0.02511795
0.0336688
0.0363977
0.03238091
0.02335271
0.01120969
-0.003335619
-0.01981423
-0.03669156
-0.05196081
-0.06584673
-0.08156195
-0.09765102
-0.1130772
-0.1306781
-0.1462892
-0.1531865
-0.1544484
-0.1562338
-0.154921
-0.1410592
-0.1075019
-0.06072824
-0.01929085
-0.001943886
-0.004638686
-0.00917861
-0.008156391
-0.001910769
0.004163349
0.008217612
0.01226714
0.01748598
0.02349324
0.02990498
0.03691614
0.04433526
0.04987981
0.04978814
0.04269776
0.02909753
0.00762598
-0.02143418
-0.0505837
-0.07377216
-0.09425941
-0.114201
-0.1306664
-0.1427241
-0.1522033
-0.1585317
-0.1623385
-0.1631017
-0.1540291
-0.1229536
-0.06469201
0.006138574
0.06180707
0.09070615
0.1079574
0.1263368
0.1445836
0.1610718
0.1755069
0.1894419
0.2011539
0.2097642
0.2163139
0.2193122
0.2082159
0.1704955
0.1050195
0.03610794
-0.01771778
-0.06458024
-0.1135326
-0.1631077
-0.2056174
-0.235245
-0.2513931
-0.2629788
-0.2835014
-0.3126797
-0.3346869
-0.33705
-0.3255112
-0.3101644
-0.290229
-0.2672678
-0.2506338
-0.2468299
-0.2571712
-0.2708849
-0.2736647
-0.2654437
-0.2539823
-0.2411467
-0.2218959
-0.1910349
-0.150399
-0.1050364
-0.05609147
-0.000674739
0.05826562
0.1123504
0.1609744
0.2128314
0.2769431
0.3559842
0.4426882
0.5279443
0.6094937
0.684519
0.7374673
0.7433503
0.6848613
0.5772431
0.4501766
0.3292672
0.239542
0.182065
0.1402332
0.1111018
0.1079181
0.1316242
0.150515
0.1392483
0.1163097
0.1083286
0.1212245
0.1454206
0.169168
0.186471
0.1940259
0.1931173
0.1913488
0.1916372
0.1876642
0.1700436
0.1352862
0.09276185
0.06186831
0.04887773
0.03971007
0.02160912
-0.002720947
-0.02406234
-0.042166
-0.06592504
-0.0999388
-0.1332113
-0.1543055
-0.1700225
-0.189564
-0.2091098
-0.2238666
-0.2369853
-0.2480211
-0.2478243
-0.2340243
-0.203923
-0.1503712
-0.07848289
-0.02008153
0.01057067
0.03391485
0.06663165
0.09927794
0.1237877
0.151844
0.1785982
0.1911358
0.1955928
0.2100992
0.231782
0.2362656
0.2069461
0.1485369
0.08072776
0.03451999
0.0216617
0.01958212
0.00636343
-0.01239225
-0.02188011
-0.02415069
-0.02785915
-0.03121194
-0.02881583
-0.01797861
-0.00120562
0.01613124
0.02904258
0.03217542
0.02699233
0.02257469
0.02295927
0.02440187
0.02348436
0.0214973
0.01951428
0.01709925
0.01378461
0.00992459
0.00536321
-0.000301514
-0.006631122
-0.01315451
-0.02071564
-0.02955538
-0.03756517
-0.04153854
-0.04213079
-0.04262193
-0.04539513
-0.05059403
-0.0578497
-0.06732504
-0.07951012
-0.09509355
-0.1138868
-0.1340944
-0.1544394
-0.1759667
-0.1947951
-0.2059622
-0.2090251
-0.2092563
-0.2140826
-0.2201059
-0.2170695
-0.1977258
-0.158953
-0.1064741
-0.0577682
-0.03820299
-0.04684282
-0.05401326
-0.04650641
-0.03103962
-0.0155656
-0.002659304
0.006802175
0.01356256
0.01905513
0.02300159
0.02416992
0.0203841
0.007223429
-0.01823415
-0.05045997
-0.0775249
-0.09097289
-0.09526654
-0.1015591
-0.1142846
-0.127416
-0.134438
-0.1369422
-0.1399728
-0.1485147
-0.1601547
-0.1662249
-0.1640718
-0.1611399
-0.1610538
-0.1618318
-0.1609865
-0.1583875
-0.154133
-0.1484616
-0.1410397
-0.1319144
-0.1221634
-0.1143647
-0.1070762
-0.09620487
-0.08227701
-0.06607491
-0.04434921
-0.02031785
0.00103708
0.0212597
0.04213958
0.05945743
0.0709864
0.07876835
0.08469678
0.09061264
0.09736829
0.1010277
0.09315561
0.0650183
0.01665368
-0.03821
-0.07530201
-0.08741474
-0.09070157
-0.09432677
-0.1014718
-0.1125989
-0.1226685
-0.1259522
-0.1232807
-0.1219582
-0.1244593
-0.1284156
-0.1316071
-0.1335535
-0.1334774
-0.1296115
-0.1194626
-0.1010482
-0.07452811
-0.04452127
-0.01914174
-0.0007979123
0.01672746
0.03629694
0.05333919
0.06415799
0.07222615
0.07924074
0.08459105
0.08934857
0.09249848
0.09008242
0.07673826
0.04893143
0.01330649
-0.01263564
-0.02211714
-0.02679422
-0.03443664
-0.04426779
-0.05464723
-0.06710941
-0.07983907
-0.09194428
-0.1071099
-0.1246039
-0.1410343
-0.1568758
-0.1702935
-0.1784656
-0.1842947
-0.1896513
-0.1882737
-0.1711135
-0.1335048
-0.08204922
-0.03677043
-0.02147558
-0.0321953
-0.0401443
-0.03101315
-0.01147508
0.008825743
0.02740054
0.04454208
0.05696716
0.06229316
0.06383324
0.06554366
0.06670142
0.06309493
0.05035486
0.02695415
-0.001522388
-0.02185994
-0.02944361
-0.03438241
-0.0443656
-0.05714765
-0.0663865
-0.06951422
-0.06910626
-0.06873794
-0.06892804
-0.06833253
-0.06474531
-0.0562455
-0.04275352
-0.02691933
-0.01276533
-0.002972159
0.002271046
0.004760903
0.006371389
0.008013553
0.01048167
0.01293547
0.01336351
0.01149124
0.008804684
0.005712804
0.0009281344
-0.006756889
-0.01634525
-0.02505561
-0.03019963
-0.03154717
-0.03127168
-0.03114125
-0.03156559
-0.03212275
-0.03241937
-0.03160198
-0.02896448
-0.02460155
-0.01902519
-0.01267748
-0.006772136
-0.002936528
-0.002030688
-0.003729565
-0.007884757
-0.0152515
-0.02719817
-0.04400421
-0.06180817
-0.07280026
-0.07608714
-0.07780457
-0.08092217
-0.08347987
-0.08292437
-0.08072194
-0.07875395
-0.07674049
-0.07346721
-0.06881822
-0.06405147
-0.06107835
-0.06023218
-0.06101953
-0.06328576
-0.06625982
-0.06912761
-0.07165398
-0.07374633
-0.07546141
-0.07648487
-0.07609284
-0.0732259
-0.06593437
-0.05192492
-0.02965122
-0.001142117
0.02847377
0.05438745
0.07328902
0.08713088
0.1003537
0.1135478
0.1258023
0.1362284
0.1421258
0.1453477
0.1510168
0.1573393
0.1582048
0.1489327
0.1279969
0.1000814
0.07613548
0.06100266
0.05015134
0.04109737
0.03098691
0.01488964
-0.003238584
-0.0173644
-0.03115318
-0.04857563
-0.06696682
-0.08453053
-0.1009224
-0.1115009
-0.1157363
-0.1179303
-0.1182845
-0.1167377
-0.1154038
-0.1156221
-0.11669
-0.1180668
-0.1197938
-0.1218317
-0.1239862
-0.1268999
-0.131844
-0.1396699
-0.1491899
-0.1567695
-0.1600346
-0.1604253
-0.1596379
-0.159109
-0.1596581
-0.1609603
-0.1621105
-0.1627847
-0.1630288
-0.1629118
-0.1620742
-0.1601444
-0.1561957
-0.1480799
-0.1326173
-0.1085223
-0.07766347
-0.04376392
-0.008953194
0.02596988
0.05809017
0.08375652
0.1055025
0.1254262
0.1433491
0.1596958
0.1750128
0.1876477
0.1938595
0.1958164
0.1989074
0.2032375
0.203957
0.1974813
0.18315
0.1624103
0.138507
0.1152229
0.09601666
0.08020329
0.06764793
0.06172021
0.06146091
0.06386479
0.06630198
0.06702025
0.06734141
0.07117404
0.08047781
0.093038
0.1048763
0.1133855
0.1173495
0.1175939
0.116311
0.1150044
0.1134731
0.1090509
0.09788418
0.07803373
0.05310932
0.03048669
0.01329887
0.0001617792
-0.008361162
-0.01392264
-0.01904805
-0.02297329
-0.02566411
-0.02726442
-0.02838106
-0.02937803
-0.0300709
-0.03037751
-0.03061673
-0.03097408
-0.03137406
-0.03151852
-0.03120825
-0.03050592
-0.02996583
-0.02983191
-0.02934131
-0.02782515
-0.02584394
-0.02429166
-0.02347443
-0.02293329
-0.02175167
-0.01909752
-0.01456182
-0.008240026
-0.0004444791
0.007832329
0.0157709
0.02353527
0.03133659
0.04007562
0.05065689
0.06294746
0.07773903
0.09385655
0.1081371
0.1190174
0.1246861
0.1249756
0.1235893
0.1232747
0.1220251
0.1140728
0.09547387
0.06862759
0.04434777
0.03055687
0.0246669
0.02132833
0.01592975
0.009230784
0.008875711
0.0204285
0.04491515
0.07965262
0.1161115
0.1405669
0.1485027
0.1498868
0.1537514
0.1626363
0.1731796
0.1814961
0.1869204
0.1904374
0.1899018
0.1814046
0.1624908
0.1380199
0.1194023
0.1138552
0.1151096
0.1142525
0.1117336
0.1127093
0.1205307
0.1368728
0.1600624
0.1836707
0.1985282
0.2031819
0.2073493
0.216037
0.2247455
0.2308045
0.2354886
0.2392705
0.2417353
0.2435183
0.2432494
0.2371685
0.2209343
0.1932749
0.1600812
0.1352034
0.1234236
0.1165849
0.1108635
0.1068864
0.1032733
0.1034139
0.1127919
0.1309841
0.1534638
0.1727245
0.1768568
0.165813
0.1552794
0.1511062
0.1448767
0.129372
0.1083209
0.08958744
0.07362745
0.0563415
0.03444877
0.003852336
-0.03649115
-0.0709583
-0.08804508
-0.1007175
-0.1127024
-0.120284
-0.1265077
-0.1325053
-0.1348367
-0.1269657
-0.1031104
-0.06561224
-0.02611524
-0.003116056
-0.003188538
-0.01034863
-0.01038704
-0.003659256
0.003458637
0.007652338
0.01010828
0.01296536
0.01616477
0.01916047
0.02166163
0.02372174
0.02521999
0.02578828
0.0241017
0.01791974
0.004321051
-0.01822672
-0.04637448
-0.06909825
-0.08179865
-0.09220108
-0.1037052
-0.1137182
-0.121213
-0.1277147
-0.1338009
-0.1378791
-0.137148
-0.1296294
-0.1164877
-0.1009904
-0.08620063
-0.07432805
-0.07010641
-0.07239667
-0.07300381
-0.06945367
-0.06395728
-0.05781293
-0.05163851
-0.04622177
-0.04138942
-0.03725057
-0.03416342
-0.0317784
-0.03002857
-0.02918752
-0.02927157
-0.02990977
-0.03072196
-0.03207925
-0.03542543
-0.0425592
-0.05443939
-0.06982985
-0.08388428
-0.0927369
-0.09864441
-0.1036087
-0.1085198
-0.1148042
-0.118084
-0.1099366
-0.09045671
-0.06912084
-0.05623105
-0.05272164
-0.04933395
-0.04180424
-0.03400909
-0.03042867
-0.02952619
-0.02805727
-0.02667264
-0.02733056
-0.03204892
-0.04290151
-0.0593548
-0.07473965
-0.08192086
-0.08219119
-0.08092315
-0.08024044
-0.07995464
-0.08003162
-0.07998354
-0.07923666
-0.07816386
-0.07774272
-0.07839319
-0.07991511
-0.0819392
-0.08411695
-0.08625249
-0.08864533
-0.09149143
-0.09350157
-0.09151674
-0.08235108
-0.06448528
-0.03910374
-0.01205447
0.008141778
0.01843477
0.02216189
0.02284776
0.02404722
0.02819294
0.03226999
0.03158021
0.02344912
0.006503477
-0.01468916
-0.03159228
-0.0413105
-0.04708733
-0.05171223
-0.05563657
-0.0587868
-0.0608085
-0.0622198
-0.06395491
-0.06549516
-0.06606392
-0.06542451
-0.06358908
-0.06068469
-0.05688543
-0.05189628
-0.04523778
-0.0368514
-0.02817568
-0.02004101
-0.01220396
-0.006540768
-0.004724862
-0.005146742
-0.005556422
-0.004995253
-0.0050175
-0.007599565
-0.01341972
-0.0235576
-0.03930178
-0.05878061
-0.08008108
-0.09965917
-0.1136754
-0.1254469
-0.1392641
-0.1532589
-0.1622121
-0.1641561
-0.1611799
-0.1565818
-0.1472282
-0.1263719
-0.09303092
-0.05849812
-0.03613798
-0.02844464
-0.02790685
-0.02903846
-0.03146039
-0.03362997
-0.03591522
-0.0427983
-0.0560379
-0.06924725
-0.07462714
-0.07203083
-0.06758412
-0.06490808
-0.0628441
-0.06021978
-0.05609771
-0.04907356
-0.03896684
-0.02673831
-0.01281515
0.001769956
0.01599956
0.03047476
0.04629365
0.06339614
0.08039752
0.09298906
0.1010677
0.1099043
0.1212266
0.1279158
0.1259053
0.1224869
0.1217902
0.1200801
0.1117538
0.0948225
0.07233971
0.05209519
0.03943726
0.03245053
0.02766021
0.02314351
0.01907809
0.01663104
0.01572535
0.01579547
0.01643448
0.01849306
0.02380879
0.03432181
0.05037472
0.06946045
0.08671492
0.09809298
0.1044177
0.1100358
0.1135878
0.1124669
0.1102103
0.1104797
0.1128539
0.1149232
0.1157592
0.115936
0.1160712
0.1163225
0.1168266
0.1179842
0.1199829
0.122571
0.1256571
0.1298569
0.1357149
0.1430083
0.1511009
0.1584762
0.1634409
0.1667979
0.1709203
0.1765541
0.1825657
0.1878779
0.192197
0.1950398
0.1946893
0.1890531
0.1779071
0.1638952
0.1497774
0.138194
0.127276
0.1105257
0.08919411
0.06981515
0.0543627
0.04299195
0.03765986
0.0367522
0.03556681
0.03322857
0.03190466
0.03154218
0.03065244
0.02898281
0.02703846
0.02507099
0.02323849
0.02169811
0.0206065
0.01992771
0.01969217
0.02013555
0.02148508
0.02368813
0.02654093
0.02973505
0.03324166
0.03730428
0.04206713
0.04677329
0.0516456
0.05756767
0.06263714
0.06290044
0.05500231
0.03701273
0.01111692
-0.01641143
-0.03883389
-0.05489889
-0.07300884
-0.09918717
-0.1269655
-0.1487935
-0.1607072
-0.1650978
-0.1715962
-0.1849258
-0.1989251
-0.2067832
-0.2107618
-0.2095331
-0.1977321
-0.1750582
-0.1465731
-0.1204087
-0.1004578
-0.08356903
-0.06656312
-0.04802344
-0.0283997
-0.01230849
-0.007059826
-0.009394719
-0.01262354
-0.02018312
-0.04139929
-0.0802485
-0.1290138
-0.1703225
-0.1939371
-0.207911
-0.2223984
-0.235741
-0.2412998
-0.2329173
-0.2085593
-0.1666605
-0.106843
-0.04318691
-0.005861945
0.001658821
0.009768428
0.03117762
0.05055105
0.05579419
0.05855447
0.0678824
0.07878745
0.08309374
0.07403695
0.04923301
0.01799583
-0.004313383
-0.01057313
-0.006958383
-0.003313101
-0.002071942
0.001081655
0.01249895
0.03523948
0.06680628
0.1000445
0.124221
0.1351353
0.1423711
0.1576379
0.1780741
0.1918997
0.2000223
0.2109323
0.2216637
0.2265967
0.2252586
0.2210488
0.2174572
0.2122266
0.2027251
0.1899083
0.1767081
0.1644803
0.1511407
0.1359313
0.1215593
0.1102626
0.1015875
0.09297264
0.08171867
0.07017324
0.06220287
0.05673815
0.05055489
0.04316129
0.03443878
0.0230286
0.008177015
-0.008772658
-0.02559263
-0.04167711
-0.05709848
-0.0693457
-0.07752228
-0.08474849
-0.09211297
-0.09799897
-0.1017949
-0.1047574
-0.1089234
-0.114093
-0.1184723
-0.1217401
-0.1244
-0.1263372
-0.126812
-0.1254716
-0.1223092
-0.116655
-0.1075971
-0.09533862
-0.08135495
-0.06844197
-0.06063384
-0.05914323
-0.05903524
-0.05514195
-0.04949177
-0.0458311
-0.0442764
-0.04337787
-0.04259916
-0.04231743
-0.04348969
-0.04754931
-0.05635095
-0.07067814
-0.08806924
-0.1025418
-0.1113373
-0.116363
-0.1205284
-0.1245764
-0.1236613
-0.1140981
-0.09535449
-0.06680005
-0.03187239
0.002646333
0.03636838
0.0717507
0.1014903
0.1220446
0.138584
0.1523526
0.1630516
0.1719101
0.1751602
0.1713192
0.1642103
0.1518588
0.1333562
0.11417
0.09930176
0.08929916
0.08321754
0.0788839
0.07267424
0.06608521
0.06300173
0.06168853
0.05874319
0.05427102
0.05021382
0.04725233
0.0446343
0.04154368
0.03760033
0.03249443
0.02581003
0.01672294
0.003948394
-0.01051876
-0.02355984
-0.03443613
-0.04241311
-0.04857466
-0.0556694
-0.06373802
-0.07018969
-0.07078476
-0.06096523
-0.04197924
-0.02049368
-0.001919226
0.008999493
0.01384079
0.02250081
0.04079248
0.06591406
0.09222586
0.1160221
0.1375989
0.1591169
0.1781114
0.1919776
0.2029064
0.2121476
0.2185015
0.2181281
0.2055255
0.177375
0.1353626
0.08970039
0.05323357
0.03072345
0.01444549
-0.004533249
-0.03161917
-0.06609928
-0.0936709
-0.1012602
-0.09556446
-0.09234674
-0.09737935
-0.1050244
-0.106329
-0.09565495
-0.07551021
-0.05294338
-0.03222755
-0.01699322
-0.007816971
0.0004502593
0.01046429
0.01766352
0.01932217
0.01916177
0.01979999
0.02132938
0.0224104
0.02174247
0.01891221
0.01454292
0.009463349
0.003834754
-0.002510001
-0.008234366
-0.01204574
-0.01401599
-0.01511843
-0.01572845
-0.01557892
-0.01420849
-0.01061429
-0.002435076
0.01263983
0.03399593
0.05722099
0.07842813
0.09534912
0.1074466
0.1161759
0.1209004
0.1248097
0.1306343
0.1337158
0.133119
0.132878
0.1350515
0.1382599
0.1412561
0.1442174
0.1481868
0.1543871
0.1641901
0.1779933
0.1946434
0.2101032
0.219585
0.2215058
0.2180919
0.2140581
0.2123851
0.2111301
0.2061123
0.1952836
0.1812511
0.1701808
0.1665407
0.1671153
0.166396
0.1646927
0.1647127
0.1659713
0.1672915
0.1688238
0.1713529
0.1746228
0.1777624
0.1793204
0.177758
0.1712436
0.1580463
0.1378931
0.1140223
0.09334976
0.07848547
0.06245705
0.04154306
0.01649047
-0.01512295
-0.05502495
-0.09590741
-0.1316024
-0.1624191
-0.1850571
-0.2021961
-0.2223419
-0.2423383
-0.2564127
-0.2698419
-0.287088
-0.3018231
-0.3087566
-0.3117618
-0.3149391
-0.3180831
-0.3197256
-0.3197383
-0.3183909
-0.3143396
-0.3052161
-0.2890883
-0.2659705
-0.2385548
-0.212142
-0.1912444
-0.1722048
-0.1507537
-0.134653
-0.1284087
-0.1243106
-0.1201155
-0.1189912
-0.1189028
-0.1183552
-0.1210308
-0.1320979
-0.1514618
-0.1722669
-0.1829856
-0.1815244
-0.175622
-0.1700676
-0.1658572
-0.1602129
-0.1481299
-0.1279728
-0.1047294
-0.08502968
-0.0671882
-0.04485443
-0.0173981
0.01107778
0.0377727
0.06249674
0.08678674
0.1092342
0.1269105
0.1406589
0.152258
0.1597563
0.1613743
0.1597152
0.1542223
0.1403263
0.1159189
0.08930867
0.07140928
0.05950493
0.04330264
0.02495766
0.01345832
0.008119312
0.001800387
-0.004025956
-0.004077723
0.002892466
0.01806403
0.04100783
0.06735464
0.09203082
0.1100649
0.1243767
0.1436655
0.168701
0.195099
0.2243538
0.2580502
0.2873841
0.3084187
0.3252412
0.3345277
0.3319715
0.3176594
0.2886677
0.2385379
0.1764178
0.1280477
0.1066563
0.08644471
0.02913983
-0.06819581
-0.1722832
-0.2550292
-0.3170669
-0.364509
-0.3916361
-0.3904806
-0.3706313
-0.3527716
-0.3357797
-0.2933272
-0.2109421
-0.1097632
-0.02821894
0.01559481
0.03258322
0.03996919
0.05322999
0.0771575
0.1049424
0.1277958
0.1372506
0.1344502
0.1257859
0.1103762
0.08210202
0.04612434
0.01466244
-0.008292248
-0.02499937
-0.03548251
-0.04127406
-0.04918949
-0.05964677
-0.06624253
-0.06767625
-0.06759541
-0.06866846
-0.06989257
-0.06993272
-0.06898248
-0.06817669
-0.06857743
-0.07143766
-0.07825133
-0.09100086
-0.1099712
-0.1311298
-0.1470534
-0.157298
-0.1660307
-0.1721299
-0.1735109
-0.1726888
-0.1718915
-0.1700657
-0.1672654
-0.1638715
-0.1597833
-0.1554005
-0.1516333
-0.147352
-0.1409221
-0.1341888
-0.1296149
-0.1267833
-0.1250997
-0.1250634
-0.1264713
-0.1284881
-0.1304878
-0.1326348
-0.1352634
-0.1378964
-0.1396279
-0.1391975
-0.1353838
-0.127779
-0.1156466
-0.09840162
-0.07753093
-0.05623799
-0.03766754
-0.02000561
0.001138939
0.02512074
0.04912485
0.07460541
0.1057999
0.1396853
0.1724603
0.2038146
0.2339633
0.2589583
0.2733476
0.2797775
0.2836803
0.287018
0.2917254
0.2952013
0.2881705
0.2638151
0.2247808
0.18215
0.1563601
0.1524635
0.1502039
0.1373092
0.1212197
0.1118438
0.1072721
0.1015883
0.09410949
0.08712687
0.08088814
0.07457678
0.06894939
0.0654861
0.06450514
0.065373
0.06750343
0.07057262
0.0747412
0.07998497
0.08601967
0.09229862
0.0979779
0.1018723
0.1031071
0.1021593
0.1000144
0.09463411
0.08068904
0.0537029
0.01583814
-0.02103399
-0.05103015
-0.08411278
-0.121175
-0.1534989
-0.1830642
-0.2189732
-0.2619324
-0.3038131
-0.3390036
-0.3658147
-0.3828508
-0.3911921
-0.3942088
-0.3979312
-0.403424
-0.4021263
-0.3838364
-0.3452373
-0.2939923
-0.2504718
-0.2297009
-0.2201175
-0.2041825
-0.1830577
-0.167855
-0.1556159
-0.1375252
-0.1181187
-0.1052172
-0.09881413
-0.09492847
-0.09089096
-0.08719963
-0.0876468
-0.09744836
-0.1162395
-0.1369105
-0.1507006
-0.1538044
-0.1515186
-0.1499813
-0.1496567
-0.1489923
-0.1459583
-0.1376229
-0.1220191
-0.1015957
-0.08301016
-0.06940425
-0.05559477
-0.0345549
-0.007492779
0.01888275
0.04380451
0.06881754
0.0893086
0.1005879
0.1050113
0.1089292
0.1156578
0.1225771
0.1257137
0.1221275
0.110768
0.09343697
0.07407582
0.05909522
0.0543196
0.05616197
0.05647247
0.05345558
0.05069859
0.05004918
0.05083228
0.05242862
0.055692
0.06232489
0.07398195
0.09046572
0.1091085
0.1263831
0.1425565
0.1586533
0.1720552
0.1818832
0.1928144
0.2071226
0.2211523
0.2327611
0.2418433
0.2466025
0.2461588
0.2445199
0.2455987
0.246352
0.2406606
0.2251223
0.2011051
0.1751111
0.1585735
0.1553989
0.1576945
0.1587988
0.1572586
0.1547226
0.1526846
0.1503352
0.147003
0.1425811
0.1363354
0.126404
0.1115574
0.09300104
0.07438552
0.05699125
0.04031975
0.02325109
0.001977971
-0.02335265
-0.0471469
-0.06895359
-0.09493889
-0.1232396
-0.145795
-0.1623174
-0.1759513
-0.1855656
-0.1901878
-0.1875804
-0.1773497
-0.1611952
-0.1369684
-0.1062992
-0.07713172
-0.05898297
-0.05393461
-0.05435695
-0.05235591
-0.0443398
-0.03328436
-0.02527094
-0.02236758
-0.02181232
-0.02164724
-0.02242553
-0.02574343
-0.03235955
-0.04223122
-0.05407505
-0.06516127
-0.07313002
-0.07883571
-0.08325789
-0.08777513
-0.0937635
-0.09990881
-0.1049367
-0.1088716
-0.1121441
-0.1142891
-0.1150548
-0.1158109
-0.117767
-0.1205317
-0.1232039
-0.125915
-0.1293636
-0.1334347
-0.137432
-0.1410749
-0.1441052
-0.1469753
-0.1503265
-0.1540955
-0.1585791
-0.1641269
-0.1695813
-0.1737401
-0.1771191
-0.1804764
-0.1831948
-0.1834107
-0.1808053
-0.1771598
-0.1730602
-0.1675338
-0.1600961
-0.1520949
-0.1446567
-0.13704
-0.1288739
-0.1209951
-0.1136182
-0.1070187
-0.1000312
-0.0900928
-0.07602181
-0.06110791
-0.04767488
-0.03442519
-0.02035884
-0.007039451
0.004566256
0.01693024
0.0294961
0.04019541
0.0490404
0.05658582
0.06332985
0.0689198
0.07181147
0.0724266
0.07292603
0.07295737
0.06903632
0.05702278
0.03499278
0.006037273
-0.01857791
-0.03097499
-0.03766079
-0.04605314
-0.05516493
-0.06385395
-0.07235622
-0.07738655
-0.07710176
-0.07432872
-0.07216052
-0.07028714
-0.06749743
-0.06396399
-0.06093926
-0.05861224
-0.05590351
-0.0519083
-0.04702005
-0.04127467
-0.03372179
-0.02318882
-0.01082551
0.001427225
0.01523622
0.03201234
0.05024828
0.0680335
0.08220907
0.09225089
0.09990555
0.1041885
0.1031021
0.09662464
0.08516255
0.06581101
0.03858629
0.01053083
-0.007686781
-0.01911778
-0.03608631
-0.05647587
-0.07050445
-0.08054929
-0.09282574
-0.1051502
-0.1086044
-0.09719149
-0.07290413
-0.03871273
-0.001190041
0.02482747
0.02654235
0.0128158
0.00319743
0.003903922
0.0092089
0.01248779
0.007893308
-0.008054124
-0.03202548
-0.05156661
-0.0561102
-0.04995936
-0.04299673
-0.03893371
-0.03593052
-0.02973525
-0.01677008
0.002391603
0.02184096
0.03596534
0.04691794
0.05889957
0.07152275
0.08117357
0.08540316
0.08563232
0.08452947
0.08430105
0.08483181
0.08409734
0.07967054
0.0708552
0.05890526
0.04639942
0.03475142
0.02352318
0.01429367
0.008943854
0.004210267
-0.0006587067
-0.002767366
-0.002493073
-0.001949999
-0.002296054
-0.003517361
-0.005371867
-0.007687034
-0.0105934
-0.01472983
-0.02084514
-0.0289757
-0.03792192
-0.04567194
-0.04992057
-0.04913047
-0.04497881
-0.04078905
-0.0360275
-0.02685182
-0.01042492
0.01208605
0.03632625
0.05292264
0.0553105
0.05024163
0.04800754
0.05044181
0.05360068
0.05561537
0.05627666
0.05500809
0.05149572
0.04687596
0.04220143
0.03770381
0.03416734
0.0332899
0.03467233
0.03605308
0.03632454
0.03561576
0.03431984
0.03252414
0.03009663
0.02695243
0.02303307
0.01826452
0.01209217
0.004072158
-0.003685198
-0.01077758
-0.01900504
-0.02305405
-0.01962091
-0.0145578
-0.01243181
-0.01214098
-0.01104356
-0.008399163
-0.004908385
-0.001544273
0.0009249002
0.002087698
0.002086647
0.001649982
0.001835634
0.003345032
0.005894825
0.009232156
0.01394541
0.021366
0.03247249
0.04696092
0.0627243
0.07636389
0.08534877
0.08964945
0.09050574
0.08910722
0.08772567
0.0881623
0.08879338
0.08664081
0.07974579
0.06807447
0.05446272
0.0439569
0.03947805
0.04032655
0.04330444
0.04583238
0.04847564
0.05315578
0.06108775
0.07162603
0.08178817
0.08865026
0.09218431
0.09322536
0.09225613
0.09113822
0.09049996
0.08760089
0.07726963
0.05595711
0.02505359
-0.004083385
-0.01969286
-0.02337648
-0.02653625
-0.03399366
-0.04083479
-0.043726
-0.04372915
-0.0442708
-0.04565419
-0.04644279
-0.04587046
-0.04436757
-0.04236212
-0.04036677
-0.03883935
-0.038038
-0.03780035
-0.03846018
-0.03999102
-0.04177342
-0.04353862
-0.04564508
-0.04867311
-0.05313993
-0.05828966
-0.06325549
-0.06771659
-0.07171001
-0.0737821
-0.07284735
-0.07059046
-0.06845808
-0.06659645
-0.06503664
-0.06413407
-0.06433816
-0.06573478
-0.06785647
-0.07008539
-0.07223999
-0.07432182
-0.07634572
-0.0779665
-0.07822773
-0.07602156
-0.07081676
-0.06206768
-0.04929357
-0.03296821
-0.01585147
0.0001910974
0.01538133
0.0300643
0.04389669
0.05436328
0.06035087
0.06453438
0.06899348
0.07274728
0.0747514
0.07538967
0.07559518
0.07551674
0.07476027
0.07314645
0.07100977
0.06850509
0.06533174
0.06123576
0.05658099
0.05162524
0.0468386
0.04260105
0.03779756
0.03119757
0.02384022
0.01820443
0.01494623
0.01352437
0.01381713
0.015111
0.01729425
0.02149789
0.02855368
0.03812954
0.04882385
0.05794964
0.06197526
0.06086944
0.05877081
0.0575692
0.05677486
0.05595569
0.05445864
0.05109845
0.04489129
0.03586951
0.02546845
0.01657886
0.01114533
0.008668119
0.008573538
0.009348093
0.01077789
0.0151174
0.02556369
0.04407912
0.06918447
0.09433874
0.1158621
0.1334818
0.1466012
0.1560967
0.1640069
0.1719259
0.1793041
0.1857872
0.1905945
0.1914552
0.1841664
0.1628844
0.1280835
0.08935332
0.05726018
0.03052784
0.002890377
-0.02341742
-0.04240296
-0.05324891
-0.05619162
-0.0518637
-0.04681168
-0.03999666
-0.02123238
0.0131161
0.05447131
0.08681892
0.09336953
0.07970695
0.06867764
0.06954483
0.071798
0.05789361
0.02006688
-0.03156787
-0.07577582
-0.1032956
-0.1234721
-0.1405001
-0.1518718
-0.1615752
-0.1741282
-0.1870821
-0.1913823
-0.1831391
-0.1629531
-0.1294993
-0.09001739
-0.06726472
-0.07150687
-0.08337989
-0.08230062
-0.06749608
-0.04979099
-0.03399822
-0.01905389
-0.004473699
0.01065037
0.02762798
0.04582142
0.06425961
0.08478163
0.1079099
0.1255597
0.1329676
0.1357419
0.1384276
0.1440782
0.1524587
0.1546879
0.1381855
0.09751591
0.04311401
-0.001426009
-0.02858764
-0.05156585
-0.07839129
-0.1063853
-0.1310372
-0.1554761
-0.1763891
-0.1847513
-0.1842844
-0.1848421
-0.1885851
-0.18991
-0.1808408
-0.1605329
-0.1338459
-0.1054869
-0.08210542
-0.06473671
-0.04391379
-0.01607116
0.01282355
0.04014371
0.07535762
0.1163945
0.1460413
0.1619012
0.1696688
0.1725301
0.1737455
0.175532
0.1809006
0.1899799
0.1970918
0.1961981
0.1865419
0.1739104
0.1645349
0.1581669
0.1487891
0.1280756
0.0895914
0.03466905
-0.02405625
-0.07368502
-0.1087512
-0.128867
-0.1360159
-0.138564
-0.1472447
-0.1614225
-0.1710296
-0.1648023
-0.1336834
-0.08252171
-0.03074046
-0.0009970226
0.003588082
0.005365254
0.02125745
0.04846716
0.07420855
0.09015201
0.09762471
0.1014106
0.1048379
0.1083474
0.1095456
0.1047643
0.08947469
0.06474728
0.03925929
0.02822493
0.03416848
0.04147582
0.04270415
0.04174816
0.04138666
0.04069429
0.0397865
0.03940989
0.03948749
0.03869971
0.03502699
0.02526545
0.006745459
-0.01970749
-0.04709092
-0.0699737
-0.0882806
-0.1016084
-0.1109733
-0.1170458
-0.119702
-0.1179052
-0.1088166
-0.09042833
-0.06201638
-0.02863889
0.0005069327
0.01313451
0.009745649
0.006327775
0.00993921
0.01507186
0.01837139
0.02144254
0.02468406
0.02667102
0.02588517
0.02022501
0.007084645
-0.01490318
-0.04256542
-0.06961513
-0.09098467
-0.1058633
-0.1177466
-0.1293116
-0.1386321
-0.1451788
-0.1499304
-0.1513629
-0.146384
-0.130771
-0.1016325
-0.0646716
-0.03254147
-0.02113845
-0.02916906
-0.03540213
-0.02924915
-0.01518604
0.0009415639
0.01807675
0.03645844
0.05587208
0.07672623
0.09952204
0.1232029
0.1441626
0.1583396
0.162895
0.1617508
0.1636635
0.16799
0.1624225
0.1335499
0.08112682
0.0238891
-0.01437914
-0.02663407
-0.02183481
-0.015372
-0.02046918
-0.03076789
-0.02835573
-0.002046179
0.04605565
0.1005789
0.1324801
0.1316642
0.1206383
0.1158349
0.1171929
0.1178325
0.1098972
0.08337208
0.03953197
-0.00392621
-0.02433129
-0.02112944
-0.01598699
-0.02055763
-0.03035078
-0.0410131
-0.05136954
-0.05998158
-0.06461225
-0.06308437
-0.05302436
-0.03471983
-0.01318716
0.003310298
0.009136584
0.007545413
0.007056412
0.01050881
0.01413366
0.01536965
0.01574449
0.01420368
0.004922851
-0.01695319
-0.04942044
-0.08018735
-0.09826798
-0.1081378
-0.118993
-0.1357668
-0.156021
-0.1727138
-0.1852029
-0.1939319
-0.1967859
-0.1955426
-0.1932677
-0.1907605
-0.1852917
-0.1737789
-0.1569298
-0.1384891
-0.1214571
-0.1059287
-0.08865231
-0.06952783
-0.0487346
-0.02347231
0.003898621
0.0295515
0.05596633
0.08296154
0.103315
0.1137692
0.1214709
0.1285027
0.1332726
0.1387094
0.1448692
0.1455199
0.1315823
0.09981353
0.06085908
0.03187496
0.01235657
-0.01324843
-0.04668623
-0.07677415
-0.1011584
-0.1235251
-0.1416503
-0.1553108
-0.1688632
-0.1806773
-0.1860919
-0.1874967
-0.1892941
-0.191725
-0.1935051
-0.1952151
-0.197536
-0.2006163
-0.204457
-0.209132
-0.2138115
-0.2171312
-0.2176385
-0.2147211
-0.207523
-0.1943711
-0.174401
-0.1509755
-0.1320247
-0.1220066
-0.1178303
-0.1136557
-0.1039863
-0.08739722
-0.06637803
-0.04339813
-0.01865539
0.006054738
0.03096187
0.05965199
0.09245291
0.1249396
0.1583774
0.200546
0.2511126
0.3055271
0.3689275
0.4393402
0.5156771
0.6037549
0.6906226
0.7543906
0.7849169
0.7838455
0.765268
0.7494302
0.7320289
0.6837853
0.5979053
0.5197158
0.4930007
0.4945176
0.478142
0.4370499
0.3931398
0.3627625
0.3459407
0.3305699
0.3051796
0.2575431
0.167872
0.03371835
-0.1123335
-0.2320807
-0.318325
-0.3935086
-0.4798414
-0.583537
-0.697173
-0.8057532
-0.8880424
-0.9223475
-0.9003408
-0.8451738
-0.7758353
-0.6717598
-0.5300491
-0.3987536
-0.3186915
-0.289312
-0.299836
-0.3223673
-0.3101972
-0.2603384
-0.2141982
-0.1928476
-0.1798292
-0.1603969
-0.1389105
-0.1249035
-0.1195356
-0.1173344
-0.1154365
-0.1148174
-0.1159438
-0.1179573
-0.1205214
-0.1239387
-0.1268914
-0.1264311
-0.1197087
-0.1044921
-0.07880496
-0.04545211
-0.01511148
0.001907232
0.006672187
0.004786775
0.001610693
0.003072132
0.01253233
0.02812619
0.04713319
0.06791571
0.08933483
0.1108302
0.1370075
0.1729785
0.213658
0.2503655
0.282134
0.30802
0.3349342
0.3746283
0.4184488
0.4526363
0.484023
0.5193399
0.5560568
0.5892055
0.6179147
0.6320141
0.6238904
0.5996277
0.5531221
0.4746197
0.3868425
0.3264023
0.2962179
0.2739885
0.2396006
0.1799476
0.08121603
-0.06786516
-0.2579898
-0.443416
-0.5879218
-0.7127044
-0.8497201
-0.9938403
-1.099106
-1.107881
-0.9855233
-0.7676506
-0.5238604
-0.3217457
-0.2002017
-0.127131
-0.06413126
-0.02118915
-0.03078288
-0.08558506
-0.1252576
-0.1097075
-0.06147154
-0.01427288
0.02363703
0.06102243
0.101135
0.13253
0.145042
0.1447357
0.139765
0.1343808
0.1259759
0.1017831
0.05545222
0.002860422
-0.02744519
-0.03235511
-0.02823719
-0.01489812
0.01971183
0.08931739
0.197659
0.3249684
0.4459446
0.5528906
0.6501798
0.7442328
0.834774
0.90804
0.9447273
0.9396339
0.9240348
0.9280395
0.9450185
0.9532448
0.9291515
0.8677023
0.7926312
0.7302986
0.6895302
0.6687559
0.659094
0.6539279
0.644572
0.6242804
0.5971229
0.5681601
0.5320756
0.4887233
0.4447844
0.3961352
0.3339621
0.2516273
0.1392906
0.006065898
-0.1173966
-0.2179611
-0.30898
-0.3989964
-0.4755696
-0.5173607
-0.516081
-0.4966755
-0.4954355
-0.509575
-0.5053239
-0.4642173
-0.402977
-0.367181
-0.3486777
-0.2819599
-0.1674408
-0.07032259
-0.01692118
0.02580387
0.07607751
0.1203628
0.1410293
0.1412405
0.1339861
0.1295208
0.1263458
0.1099859
0.07291061
0.03682891
0.025398
0.03133636
0.03385745
0.02464372
0.009529625
-0.004225735
-0.0151799
-0.02409052
-0.03225687
-0.03880117
-0.04125496
-0.0393295
-0.03612908
-0.03348962
-0.03239206
-0.03539213
-0.04784672
-0.07420156
-0.1137172
-0.1538201
-0.1820473
-0.2002742
-0.2134714
-0.2150539
-0.2011915
-0.179482
-0.1614449
-0.130307
-0.1060995
-0.1063993
-0.1278396
-0.1452844
-0.1505175
-0.1566413
-0.1739977
-0.1969671
-0.2146356
-0.2229325
-0.2279836
-0.233143
-0.2336658
-0.2249118
-0.2057437
-0.1764301
-0.1426062
-0.1102054
-0.08479462
-0.06807268
-0.05361499
-0.04082518
-0.03579768
-0.03557996
-0.03094754
-0.02371233
-0.02453811
-0.03891196
-0.06037957
-0.07726305
-0.07993638
-0.0694998
-0.05854826
-0.05521888
-0.05746157
-0.06049899
-0.06248811
-0.06366372
-0.06462093
-0.06541152
-0.06592132
-0.06605086
-0.0658918
-0.06548029
-0.06535197
-0.06593109
-0.06726149
-0.0690702
-0.07127195
-0.07384193
-0.07659685
-0.07892483
-0.08026762
-0.0808261
-0.08150277
-0.08226427
-0.08287894
-0.08330837
-0.08359628
-0.08360923
-0.08352559
-0.08335594
-0.08312933
-0.08282562
-0.08264523
-0.08285264
-0.08368285
-0.08485616
-0.08620133
-0.08768624
-0.08947728
-0.0914888
-0.09375294
-0.09608898
-0.09811245
-0.09901702
-0.0982987
-0.09569917
-0.09104474
-0.08437869
-0.07654988
-0.06913771
-0.06475023
-0.06521934
-0.06862498
-0.07150942
-0.07422777
-0.08050874
-0.09374998
-0.1133043
-0.1328645
-0.1477708
-0.1635337
-0.1879002
-0.2196894
-0.2502312
-0.2755165
-0.2994129
-0.3236084
-0.3454468
-0.3652207
-0.3846794
-0.4006093
-0.4080276
-0.4103712
-0.4146382
-0.4189363
-0.4173084
-0.4120366
-0.4081018
-0.4059212
-0.4034058
-0.3996315
-0.3948393
-0.3900576
-0.3858205
-0.3819333
-0.3776282
-0.3721361
-0.3644769
-0.3535376
-0.3383144
-0.3189594
-0.2973408
-0.2764256
-0.2569128
-0.2364758
-0.2137536
-0.1896206
-0.1639952
-0.1366563
-0.1061385
-0.07027506
-0.03302231
-0.002846974
0.01703572
0.02823108
0.03605627
0.04637503
0.0599664
0.07186659
0.07786269
0.07835045
0.07723841
0.07859083
0.08283493
0.08696346
0.08873479
0.08837547
0.08779874
0.08926592
0.0953972
0.1077023
0.124359
0.1397981
0.1497381
0.1565103
0.1643379
0.1731394
0.1823448
0.1936078
0.2084078
0.2257056
0.2452065
0.2655954
0.2849561
0.3066581
0.3317978
0.3561375
0.3796378
0.4052945
0.4307098
0.4496396
0.4623043
0.4676162
0.4644068
0.4562743
0.4486102
0.4450239
0.446181
0.4473389
0.4400964
0.4159729
0.3734413
0.3206205
0.2763434
0.2477259
0.2252617
0.202549
0.1765587
0.1447461
0.1054659
0.0591059
0.01056125
-0.02882523
-0.04699856
-0.05245132
-0.06613059
-0.0918068
-0.1191133
-0.1397274
-0.151356
-0.1550689
-0.1488032
-0.1230376
-0.06989056
-0.001961977
0.0516452
0.06270534
0.03313325
0.002306238
-0.002733335
0.008922295
0.01452116
0.0001616209
-0.03399241
-0.07336753
-0.09901138
-0.10879
-0.1168688
-0.132171
-0.1532484
-0.1750194
-0.1927898
-0.2018477
-0.2004763
-0.194148
-0.1898489
-0.1887055
-0.1875484
-0.1823166
-0.1701675
-0.1496656
-0.1231874
-0.09596119
-0.07523388
-0.06491723
-0.06288326
-0.06356166
-0.06199432
-0.0570775
-0.05005182
-0.0430992
-0.03832889
-0.03803365
-0.04288475
-0.05151097
-0.06087246
-0.06753085
-0.06848647
-0.06304432
-0.05571631
-0.05211263
-0.05195965
-0.04914204
-0.03867366
-0.02189253
-0.003329181
0.009880982
0.016116
0.0205761
0.0265107
0.03512637
0.0450359
0.05314077
0.05909525
0.06515163
0.07094348
0.07556467
0.07981171
0.08242448
0.08197071
0.07985085
0.07805047
0.07754707
0.07704858
0.07433325
0.06834278
0.06058507
0.05356099
0.04886237
0.04620721
0.04394499
0.04124539
0.03858945
0.03652043
0.0347852
0.03294438
0.03098293
0.02968296
0.02946367
0.02952586
0.02947151
0.03017196
0.03271682
0.03666277
0.04031052
0.04203968
0.04204536
0.04196894
0.04246984
0.04289082
0.04277176
0.04232252
0.0417869
0.04117248
0.04042847
0.03957383
0.03862739
0.03758488
0.03646559
0.03527531
0.03398498
0.03260566
0.03121129
0.02989045
0.02866531
0.0275269
0.02644201
0.0253515
0.02421678
0.02301739
0.02186031
0.02091854
0.02012041
0.01928095
0.01843342
0.01771262
0.01711775
0.01654212
0.01598472
0.0155496
0.01525322
0.01502538
0.01487953
0.01481425
0.01476565
0.01469488
0.01462098
0.01457335
0.01456682
0.01458829
0.0145932
0.01450743
0.01431573
0.01407669
0.01383898
0.01361278
0.0133831
0.01313857
0.01288145
0.01261791
0.01234952
0.01207684
0.0118013
0.01152327
0.011243
0.01096171
0.0106798
0.01039605
0.01011002
0.009821348
0.009524731
0.009216537
0.008901052
0.008578303
0.008244795
0.007900873
0.007548958
0.007192791
0.006837184
0.006484314
0.006134513
0.00578803
0.005444429
0.00510262
0.004762893
0.004426445
0.0040939
0.003765096
0.003439714
0.003117425
0.00279787
0.002480235
0.002164242
0.001850417
0.001539173
0.001230636
0.0009249252
0.0006222625
0.0003226249
2.578244e-05
-0.0002683336
-0.0005594824
-0.0008472315
-0.001131553
-0.001412883
-0.001691593
-0.001967996
-0.002242304
-0.002514529
-0.002784613
-0.003052548
-0.003318329
-0.003581917
-0.003843249
-0.004102253
-0.004358854
-0.004612994
