-0.0001216477
-0.0001216709
-0.0001217022
-0.0001217186
-0.0001217323
-0.0001217308
-0.0001217219
-0.0001217034
-0.0001216936
-0.0001216556
-0.00012157
-0.0001214996
-0.0001214962
-0.000121382
-0.0001212014
-0.0001211194
-0.0001210777
-0.0001210226
-0.000120838
-0.0001205546
-0.0001205025
-0.0001204632
-0.0001199963
-0.0001197106
-0.0001199762
-0.0001197415
-0.00011897
-0.0001188648
-0.0001189007
-0.0001185732
-0.0001182584
-0.0001175778
-0.0001176246
-0.0001181386
-0.0001171588
-0.0001159455
-0.0001162233
-0.0001169285
-0.0001158817
-0.0001142266
-0.0001148548
-0.0001158497
-0.0001141366
-0.0001124653
-0.0001133652
-0.0001135312
-0.0001122098
-0.0001110867
-0.0001116568
-0.0001126968
-0.0001109902
-0.0001087455
-0.0001090019
-0.0001107843
-0.000109518
-0.0001060915
-0.0001073885
-0.0001093593
-0.0001065815
-0.000103734
-0.0001050967
-0.0001068996
-0.0001048343
-0.0001016511
-0.0001027697
-0.0001054519
-0.0001024151
-9.876317e-05
-9.941039e-05
-0.0001014863
-0.0001016839
-9.613845e-05
-9.485948e-05
-0.000100752
-9.868969e-05
-9.256461e-05
-9.495518e-05
-9.720689e-05
-9.289771e-05
-9.042089e-05
-9.160836e-05
-9.451337e-05
-9.330471e-05
-8.517778e-05
-8.552052e-05
-9.263085e-05
-9.074526e-05
-8.474708e-05
-8.31884e-05
-8.698174e-05
-8.831021e-05
-8.08173e-05
-7.736551e-05
-8.636687e-05
-8.737247e-05
-7.425172e-05
-7.661456e-05
-8.481075e-05
-7.839863e-05
-7.481973e-05
-7.358866e-05
-7.538969e-05
-7.81187e-05
-7.215351e-05
-7.166301e-05
-7.390972e-05
-7.221181e-05
-6.818506e-05
-6.601672e-05
-7.149286e-05
-7.127598e-05
-6.293754e-05
-6.083465e-05
-6.548136e-05
-6.634195e-05
-6.252689e-05
-6.047935e-05
-6.029074e-05
-6.346491e-05
-5.808516e-05
-5.029839e-05
-6.072959e-05
-6.38614e-05
-4.855632e-05
-4.669689e-05
-5.863989e-05
-5.836333e-05
-4.642816e-05
-4.260202e-05
-5.305172e-05
-5.736921e-05
-4.497632e-05
-4.016762e-05
-4.775817e-05
-4.837431e-05
-4.215898e-05
-3.986804e-05
-4.37305e-05
-4.207058e-05
-3.384502e-05
-3.22431e-05
-4.014911e-05
-4.570784e-05
-3.262963e-05
-2.32498e-05
-3.837657e-05
-4.360714e-05
-2.732734e-05
-2.216511e-05
-3.309956e-05
-3.597266e-05
-2.43993e-05
-2.154135e-05
-3.24234e-05
-3.012622e-05
-1.515986e-05
-1.760776e-05
-2.866727e-05
-2.192877e-05
-1.283881e-05
-1.558959e-05
-2.255794e-05
-2.716519e-05
-1.061597e-05
-8.122567e-07
-1.858218e-05
-2.559004e-05
-8.535147e-06
1.138274e-06
-1.454039e-05
-1.70377e-05
-3.437829e-06
-4.791808e-06
-8.353505e-06
-5.496159e-06
-3.570371e-06
-2.649001e-07
-1.731727e-06
-9.57881e-06
2.313709e-06
1.419084e-05
-1.771615e-06
-1.099915e-05
2.393483e-06
1.982135e-05
8.947342e-06
-9.932789e-06
2.685954e-06
1.471264e-05
7.757328e-06
8.317799e-06
1.96551e-05
1.736849e-05
7.285243e-06
3.898458e-06
1.166829e-05
2.771612e-05
1.659736e-05
-1.80026e-06
1.950008e-05
3.955427e-05
1.694726e-05
3.904939e-06
2.74213e-05
3.56358e-05
2.45594e-05
1.373385e-05
2.159549e-05
4.092727e-05
2.545493e-05
1.159831e-05
2.804754e-05
3.605057e-05
2.966902e-05
2.385641e-05
3.169994e-05
3.905711e-05
2.725733e-05
2.37395e-05
4.268324e-05
4.986088e-05
3.174736e-05
2.385665e-05
4.089921e-05
4.639121e-05
2.966156e-05
2.547482e-05
4.099434e-05
4.924639e-05
4.366521e-05
3.398074e-05
3.969163e-05
5.71721e-05
4.57303e-05
2.928344e-05
4.176945e-05
5.592531e-05
5.486541e-05
3.257572e-05
3.562149e-05
6.39123e-05
4.812994e-05
3.233731e-05
5.361469e-05
6.232492e-05
4.952942e-05
4.408735e-05
5.471704e-05
5.685557e-05
4.861533e-05
3.760647e-05
4.969203e-05
7.564509e-05
6.201084e-05
3.818988e-05
4.238603e-05
6.524838e-05
6.821687e-05
3.974458e-05
4.882247e-05
7.471482e-05
5.939035e-05
5.507487e-05
6.167242e-05
5.343384e-05
5.241728e-05
4.785227e-05
5.519263e-05
7.701937e-05
6.404476e-05
4.290935e-05
5.849803e-05
7.575066e-05
5.93821e-05
4.733322e-05
6.567557e-05
6.865831e-05
6.127446e-05
5.201179e-05
5.127745e-05
7.648835e-05
6.28025e-05
4.487766e-05
6.058027e-05
6.646684e-05
6.948841e-05
5.257786e-05
5.329324e-05
7.929673e-05
6.969106e-05
5.100617e-05
5.432189e-05
7.611754e-05
7.237734e-05
4.878137e-05
5.905729e-05
7.250309e-05
6.371943e-05
4.620122e-05
5.10059e-05
7.447383e-05
6.23906e-05
5.224405e-05
6.543831e-05
6.133123e-05
6.392993e-05
6.23734e-05
5.635443e-05
6.515378e-05
6.482653e-05
5.636618e-05
5.335741e-05
6.656095e-05
6.822602e-05
5.07268e-05
5.842496e-05
6.557063e-05
6.367358e-05
6.206894e-05
5.235342e-05
6.565206e-05
6.560326e-05
4.536685e-05
5.003989e-05
6.503761e-05
6.986055e-05
5.238878e-05
5.063611e-05
7.186636e-05
5.649663e-05
4.601446e-05
5.749711e-05
6.182e-05
6.291233e-05
5.282072e-05
5.841761e-05
7.130746e-05
5.261446e-05
4.633659e-05
7.121452e-05
7.412719e-05
5.228033e-05
5.31306e-05
5.898587e-05
5.46702e-05
6.395149e-05
5.108482e-05
4.071909e-05
7.482301e-05
7.28313e-05
4.294998e-05
5.468592e-05
6.759986e-05
5.981563e-05
5.094783e-05
5.669584e-05
6.960262e-05
5.325905e-05
4.268083e-05
6.419166e-05
6.173358e-05
4.950939e-05
6.042582e-05
5.886012e-05
5.337027e-05
6.008098e-05
4.328489e-05
4.3483e-05
7.447567e-05
6.254185e-05
4.613667e-05
5.541454e-05
5.058998e-05
5.034981e-05
5.266068e-05
5.238565e-05
6.941996e-05
6.004674e-05
3.483487e-05
5.379722e-05
6.383137e-05
5.301106e-05
6.094092e-05
4.794671e-05
5.375579e-05
7.120906e-05
3.832738e-05
4.604798e-05
7.166462e-05
5.025135e-05
4.76718e-05
5.426468e-05
5.135974e-05
5.660421e-05
4.330367e-05
4.093319e-05
7.210974e-05
6.185915e-05
3.464241e-05
5.231523e-05
5.979134e-05
5.399222e-05
4.86335e-05
4.425811e-05
5.819292e-05
5.514937e-05
3.358409e-05
4.853365e-05
8.021138e-05
4.909816e-05
2.500555e-05
6.135531e-05
6.28956e-05
5.200095e-05
5.096854e-05
4.391493e-05
6.310969e-05
5.765676e-05
3.425606e-05
4.297674e-05
6.267617e-05
6.370008e-05
3.380399e-05
3.168751e-05
6.140852e-05
6.328714e-05
3.873065e-05
2.847036e-05
6.683376e-05
6.646064e-05
2.736977e-05
4.885575e-05
6.609757e-05
5.317185e-05
4.167974e-05
4.188779e-05
5.83451e-05
5.539503e-05
3.529604e-05
3.636819e-05
6.166639e-05
6.048373e-05
3.459985e-05
3.786052e-05
5.834261e-05
5.867238e-05
3.715038e-05
3.874295e-05
6.750401e-05
6.087974e-05
3.2827e-05
3.828504e-05
5.236518e-05
4.581987e-05
4.566755e-05
4.536623e-05
4.575452e-05
6.257354e-05
3.957263e-05
2.052086e-05
6.476695e-05
7.154045e-05
3.127197e-05
3.255969e-05
6.314477e-05
6.146577e-05
3.18706e-05
2.971583e-05
5.870225e-05
6.56891e-05
3.865494e-05
3.095273e-05
5.31837e-05
5.776882e-05
3.823353e-05
3.214305e-05
5.131235e-05
5.745155e-05
3.528977e-05
2.674418e-05
6.126942e-05
6.548185e-05
2.309297e-05
3.127746e-05
6.33692e-05
5.524467e-05
2.947957e-05
2.755016e-05
5.637409e-05
6.448003e-05
3.587659e-05
2.303487e-05
4.840915e-05
6.355248e-05
4.007554e-05
2.623012e-05
5.109215e-05
6.527625e-05
3.301018e-05
1.269759e-05
5.227937e-05
6.878628e-05
2.887741e-05
2.43584e-05
5.089386e-05
5.597348e-05
3.939787e-05
3.089143e-05
4.629372e-05
5.51821e-05
4.251216e-05
2.176583e-05
4.368827e-05
7.122258e-05
4.105493e-05
2.124301e-05
4.5282e-05
6.816305e-05
4.024452e-05
9.59615e-06
5.192798e-05
6.856131e-05
2.821968e-05
3.013108e-05
4.963921e-05
5.071388e-05
3.596708e-05
1.849148e-05
4.412812e-05
6.343668e-05
3.335867e-05
1.946248e-05
5.669884e-05
6.693116e-05
2.304649e-05
2.155832e-05
4.746417e-05
4.817436e-05
3.804234e-05
2.798885e-05
4.680288e-05
6.070738e-05
2.566138e-05
2.011018e-05
5.571902e-05
5.207094e-05
3.755887e-05
2.230041e-05
2.199622e-05
6.909794e-05
5.490866e-05
1.039077e-05
3.872607e-05
5.938932e-05
4.047359e-05
2.687889e-05
3.370321e-05
5.639006e-05
4.292677e-05
1.10608e-05
3.365464e-05
5.755458e-05
3.262987e-05
2.026396e-05
4.816292e-05
6.38814e-05
3.93621e-05
1.166976e-05
2.447014e-05
5.843078e-05
4.190806e-05
7.027697e-06
3.563798e-05
6.419252e-05
3.819177e-05
1.351268e-05
3.504592e-05
6.011633e-05
3.379303e-05
1.583077e-05
4.208575e-05
6.213781e-05
4.598611e-05
1.296218e-05
2.19922e-05
5.701014e-05
4.726732e-05
1.151617e-05
2.526579e-05
6.733768e-05
4.996555e-05
4.113271e-06
1.773008e-05
5.372568e-05
4.311677e-05
2.259018e-05
3.059236e-05
4.493443e-05
3.747081e-05
2.13373e-05
3.889938e-05
5.66384e-05
3.629116e-05
1.156594e-05
2.548616e-05
6.549907e-05
5.518999e-05
9.955511e-06
1.883538e-05
5.811221e-05
4.9228e-05
8.501107e-06
2.120265e-05
5.753847e-05
3.475805e-05
1.077824e-05
3.17852e-05
4.683151e-05
4.095117e-05
1.939768e-05
2.114033e-05
5.897196e-05
4.922484e-05
5.073596e-06
1.326527e-05
5.334849e-05
5.948725e-05
1.320115e-05
9.2711e-06
5.242566e-05
3.809815e-05
1.645594e-05
3.310498e-05
3.766995e-05
2.692946e-05
2.728155e-05
2.813622e-05
3.601763e-05
4.514246e-05
1.68464e-05
1.323973e-05
5.107898e-05
4.977307e-05
1.84088e-05
1.43285e-05
4.585767e-05
5.485317e-05
1.346217e-05
3.445908e-06
5.198579e-05
4.835039e-05
4.828652e-06
1.951698e-05
4.833389e-05
4.19701e-05
1.54488e-05
1.025083e-05
3.467875e-05
4.426508e-05
1.497268e-05
1.441516e-05
5.637402e-05
3.640497e-05
7.852647e-06
2.296563e-05
3.851549e-05
5.405456e-05
2.000167e-05
-3.128451e-06
4.201366e-05
4.849196e-05
1.722153e-05
1.703572e-05
3.955516e-05
4.179813e-05
1.799407e-05
1.881192e-05
3.698342e-05
3.511696e-05
1.532682e-05
6.866593e-07
3.796077e-05
6.287175e-05
5.677428e-06
-6.157207e-06
5.100849e-05
4.709644e-05
1.043473e-05
1.714035e-05
2.898359e-05
3.620363e-05
3.205018e-05
7.025729e-06
2.557892e-05
4.566548e-05
1.802961e-05
9.332403e-06
3.10361e-05
4.127784e-05
1.753001e-05
1.231886e-05
3.187718e-05
3.680081e-05
2.54914e-05
6.469408e-06
2.665065e-05
4.566925e-05
2.007678e-05
1.19308e-05
2.739304e-05
3.691329e-05
2.35379e-05
1.193738e-05
2.991349e-05
4.546084e-05
2.71105e-05
-6.306046e-06
2.380982e-05
5.879653e-05
1.411758e-05
-1.500932e-07
3.287114e-05
4.123694e-05
2.139846e-05
5.971064e-06
2.743667e-05
3.777357e-05
1.616832e-05
4.432014e-06
2.889017e-05
4.013872e-05
1.835689e-05
1.291979e-05
9.236817e-06
3.889418e-05
4.969489e-05
-6.426366e-06
1.128234e-05
5.288854e-05
1.593017e-05
3.079834e-06
3.988797e-05
2.975527e-05
1.281153e-05
1.992518e-05
8.758542e-07
3.578719e-05
5.637575e-05
-5.810554e-06
7.735262e-06
4.518315e-05
1.670684e-05
1.615881e-05
2.674897e-05
1.583415e-05
2.358153e-05
1.264917e-05
7.640646e-06
4.707701e-05
2.481019e-05
-5.811685e-06
3.087998e-05
2.894434e-05
1.713372e-05
2.208276e-05
1.00251e-05
2.877926e-05
3.130398e-05
4.003276e-06
1.692294e-05
3.417418e-05
1.647032e-05
5.436575e-06
2.188899e-05
4.31071e-05
2.511444e-05
-1.168698e-06
1.621503e-05
3.012236e-05
2.133322e-05
1.607114e-05
2.384134e-05
2.291167e-05
6.441588e-06
1.985238e-05
3.506104e-05
2.659787e-05
1.749385e-05
5.969188e-06
1.3405e-05
3.272618e-05
2.861366e-05
4.976385e-06
7.24001e-06
3.062594e-05
1.922998e-05
1.767182e-05
2.725838e-05
1.523739e-05
2.312657e-05
1.464905e-05
1.182219e-05
3.562828e-05
2.0788e-05
3.131311e-06
1.320649e-05
2.864717e-05
2.669552e-05
7.69161e-06
1.438816e-05
2.827617e-05
2.46046e-05
5.980376e-06
4.784722e-06
3.078362e-05
1.710649e-05
-5.416683e-08
2.852024e-05
3.377783e-05
1.284599e-05
5.954462e-06
8.567158e-06
2.587789e-05
3.169994e-05
3.274536e-06
3.779403e-06
3.448847e-05
2.554381e-05
1.381365e-06
3.299622e-06
2.532419e-05
3.212117e-05
6.321168e-06
5.153968e-06
2.940444e-05
2.650445e-05
8.4199e-06
7.946981e-06
2.615764e-05
2.602949e-05
6.24397e-06
4.451325e-06
1.877735e-05
3.251552e-05
2.146843e-05
-6.751346e-07
1.843815e-05
2.83717e-05
2.770149e-06
8.97384e-06
2.11289e-05
1.630883e-05
1.937017e-05
1.146749e-05
1.132749e-05
1.715873e-05
1.547365e-05
1.997718e-05
1.162789e-05
1.2976e-05
2.043425e-05
1.292059e-05
1.425707e-05
1.726292e-05
6.494467e-06
5.967898e-06
2.5232e-05
2.410008e-05
-9.148094e-07
7.792217e-06
3.445734e-05
1.421509e-05
-1.004845e-06
1.785565e-05
1.413258e-05
1.190346e-05
1.776027e-05
9.827534e-06
1.256568e-05
1.825806e-05
1.090996e-05
4.393026e-06
1.437406e-05
1.479159e-05
1.039016e-05
2.275549e-05
1.875347e-05
6.501764e-06
9.337882e-06
1.245857e-05
1.331306e-05
1.280545e-05
8.109076e-06
1.916884e-06
9.042082e-06
2.471245e-05
2.015778e-05
1.626902e-06
3.280551e-06
2.033444e-05
7.058206e-06
-2.977652e-06
2.000179e-05
1.66648e-05
-4.968583e-06
6.329971e-06
3.211313e-05
1.215001e-05
-1.254608e-05
7.756295e-06
1.676547e-05
1.40227e-05
1.172661e-05
1.103563e-05
2.024254e-05
7.712321e-06
-2.114014e-06
1.309022e-05
2.072208e-05
3.784981e-06
-8.420507e-06
8.752145e-06
2.509661e-05
1.012889e-05
-9.125703e-06
7.975001e-06
2.624858e-05
1.563487e-05
1.088294e-06
1.456799e-07
2.053475e-05
2.478983e-05
-4.525919e-06
-3.203662e-06
1.848436e-05
1.267233e-05
-1.489729e-06
-5.970076e-06
2.274909e-05
3.273778e-05
-1.504903e-05
-5.195752e-06
3.312401e-05
1.123631e-05
-3.053196e-06
7.257251e-06
1.434213e-05
1.158921e-05
4.629941e-06
3.256388e-06
4.074272e-06
1.079665e-05
3.76633e-06
5.316837e-06
1.867735e-05
9.30024e-06
1.88496e-06
8.037759e-06
2.135507e-05
1.322729e-05
-1.63696e-05
5.577081e-07
2.746917e-05
2.0146e-05
3.23933e-06
-8.572931e-06
1.460166e-05
1.785097e-05
-9.067618e-06
6.503168e-06
2.165166e-05
1.438273e-05
-5.373022e-06
-5.816211e-06
3.21494e-05
2.188921e-05
-1.860011e-05
-1.823997e-05
2.331214e-05
3.38578e-05
-1.288348e-05
-9.29151e-06
2.167435e-05
1.440139e-05
-1.440652e-06
-8.207878e-06
7.718561e-06
1.651758e-05
6.225039e-06
-2.125588e-06
1.507459e-05
2.453898e-05
-1.922563e-05
-1.997843e-05
2.098751e-05
1.935102e-05
2.584818e-06
1.759065e-07
1.430949e-05
2.036997e-05
1.523704e-06
-1.811213e-05
1.171391e-06
3.001197e-05
-5.288636e-06
-1.595359e-05
2.414629e-05
2.023501e-05
-4.343463e-06
-1.689644e-05
7.646917e-06
3.00847e-05
-7.276628e-06
-2.331051e-05
1.690548e-05
3.31059e-05
2.103361e-06
-9.208909e-06
5.872784e-06
6.016676e-06
-8.232118e-07
-1.876036e-06
7.804441e-06
1.371253e-05
5.6712e-07
-5.122536e-07
1.463313e-05
1.420064e-05
-1.175141e-06
-1.718567e-05
-5.124193e-06
2.451234e-05
-4.139536e-06
-1.722879e-05
3.781209e-05
1.482001e-05
-2.670688e-05
3.465536e-06
1.07934e-05
7.925608e-06
6.173759e-06
-8.866697e-06
9.334015e-06
2.545132e-05
-9.131856e-06
-1.872271e-05
2.216965e-05
2.127627e-05
-1.125762e-05
-1.214607e-05
5.416311e-06
2.060068e-05
-8.012013e-08
-2.872975e-05
6.080815e-06
2.838504e-05
-9.553487e-06
-2.115618e-05
1.117849e-05
2.408527e-05
-8.308468e-06
-2.069162e-05
4.889067e-07
1.71907e-05
7.370966e-06
-2.529824e-05
2.58444e-06
4.200058e-05
-5.599549e-06
-4.664361e-05
3.485197e-06
4.732402e-05
-2.736911e-06
-3.190116e-05
1.276655e-06
1.972839e-05
1.44651e-05
-1.169803e-05
-8.754977e-06
1.084119e-05
-4.667167e-06
-1.41577e-05
8.400937e-06
2.657675e-05
-3.544693e-06
-3.451467e-05
-2.137503e-06
3.774176e-05
1.248788e-05
-3.416585e-05
-1.086879e-05
2.196027e-05
-5.195491e-06
-1.411207e-05
9.201299e-06
1.138603e-05
-1.02576e-06
-1.178097e-05
-1.0254e-05
8.587098e-06
1.195951e-05
-1.184063e-05
-1.202017e-05
1.711092e-05
1.73946e-05
-2.126653e-05
-1.502468e-05
2.422759e-05
1.614754e-06
-2.495655e-05
-1.825612e-06
1.528903e-05
4.78039e-06
-1.241958e-05
-1.772057e-06
1.129212e-05
-7.43572e-06
-1.414353e-05
5.077808e-06
1.026566e-05
-4.100351e-06
-1.750166e-05
-1.430944e-06
2.513726e-05
-2.201994e-06
-2.815933e-05
-9.704691e-07
1.661593e-05
-5.105563e-06
-2.528771e-05
3.653103e-06
2.579596e-05
-1.831347e-06
-1.964162e-05
-1.490551e-05
7.609234e-06
1.323847e-05
-1.327482e-05
1.144423e-06
2.5529e-05
2.595181e-07
-3.531591e-05
-2.165929e-05
3.559998e-05
2.326192e-05
-4.165e-05
-2.620757e-05
2.369877e-05
1.314631e-05
-1.911936e-05
-2.021444e-05
3.836066e-06
1.434379e-05
-9.61028e-06
-1.40606e-05
1.51866e-05
6.640039e-06
-2.597801e-05
-1.851507e-05
1.625158e-05
2.221139e-05
-1.865931e-05
-3.066266e-05
1.692564e-05
1.527305e-05
-3.119134e-05
-1.689623e-05
1.069107e-05
6.347518e-06
-2.272578e-06
-1.113091e-05
3.001938e-06
1.148508e-05
-1.17177e-05
-1.813391e-05
2.915299e-06
1.706447e-05
-5.501433e-06
-2.002797e-05
1.480613e-05
2.360128e-05
-2.034558e-05
-3.452277e-05
1.17957e-05
1.963221e-05
-2.26638e-05
-4.217849e-06
2.419745e-05
-6.068139e-06
-3.143758e-05
-2.368678e-05
6.978139e-06
2.096081e-05
-9.419358e-06
-1.861936e-05
9.674751e-06
1.452927e-05
-1.437215e-05
-3.710575e-05
-4.998228e-06
2.157738e-05
-9.011546e-06
-1.084412e-05
6.213438e-06
-3.386948e-07
2.034861e-06
-3.689016e-06
3.468965e-06
2.888893e-06
-2.431295e-05
-1.451005e-05
-1.259991e-06
1.089725e-05
5.780417e-06
-1.483444e-05
4.694243e-06
-2.473413e-06
-3.218786e-05
-2.468664e-05
1.282089e-05
1.678393e-05
-2.428172e-05
-1.781222e-05
8.919009e-06
1.310981e-05
-6.740465e-06
-3.12112e-05
-6.207941e-06
1.742055e-05
-3.071145e-06
-1.881581e-05
8.691698e-06
2.226046e-05
-1.472402e-05
-3.221634e-05
-8.296133e-06
7.019908e-06
-3.213613e-06
-1.192539e-05
-1.948628e-07
1.198953e-05
-7.998136e-06
-3.288306e-05
-4.357193e-06
3.481475e-05
-5.348722e-07
-4.552284e-05
-9.48722e-07
2.630558e-05
-1.896726e-05
-2.160838e-05
1.177442e-05
1.991651e-05
-1.303927e-05
-4.009182e-05
-1.111703e-05
1.425974e-05
1.258633e-05
-1.004546e-05
-2.393614e-05
-2.533132e-06
-2.773575e-06
-1.759073e-05
-1.32131e-05
-1.750719e-06
6.141967e-06
-1.402979e-06
-6.965821e-06
-1.802131e-05
-3.394211e-05
1.451001e-06
4.075357e-05
6.073004e-06
-5.721909e-05
-4.223849e-05
3.02792e-05
2.993969e-05
-1.888086e-05
-2.276763e-05
-5.812937e-06
-2.181453e-06
-1.366395e-05
-1.955465e-05
1.972211e-05
2.891341e-05
-4.285048e-05
-6.525948e-05
3.24516e-06
6.800968e-05
2.476718e-05
-6.842506e-05
-4.699895e-05
2.392721e-05
1.473445e-05
-1.97747e-05
2.557291e-06
7.810588e-06
-2.968941e-05
-2.182372e-05
3.121681e-06
1.781557e-05
-8.041232e-06
-5.702285e-05
-2.209493e-05
4.264846e-05
1.134339e-05
-4.214428e-05
-5.014615e-06
1.391242e-05
-2.285032e-05
-3.183976e-05
-4.482973e-06
3.976661e-05
5.220927e-07
-6.673332e-05
-2.617687e-05
3.602574e-05
2.244275e-05
-4.577438e-05
-5.938964e-05
1.406993e-06
2.829479e-05
-6.827755e-06
-2.674812e-05
1.732774e-05
2.706137e-06
-7.758478e-05
-5.934854e-05
6.349005e-06
3.46446e-05
1.161163e-05
-8.247689e-05
-7.163114e-05
3.449694e-05
1.551175e-05
-6.493271e-05
-8.027214e-05
-3.470972e-05
1.452585e-05
1.552305e-05
4.683139e-06
-1.72791e-05
-0.0001066213
-8.089069e-05
0.0001053378
0.0001125112
-3.626321e-05
-7.322173e-05
7.889771e-05
6.032589e-05
-0.0001078602
0.0001765924
0.0002479507
-0.0002070998
-5.728685e-05
0.000383327
-0.0002424311
-0.0004047865
0.0007800593
0.0002680392
-0.000733731
-0.0001086079
0.0002862075
0.0005051728
3.628237e-06
-0.0005802911
-0.0001316641
-0.0003688167
0.0001126628
0.001160156
-0.000255607
-0.001530139
-0.0002401961
0.0009129836
0.0008689502
-0.000705683
-0.001925488
-2.687376e-05
0.001637181
0.0007832526
-0.0007894181
-0.0003951087
-6.162319e-05
-0.0007832584
0.0008529245
0.001145919
-0.0002511415
-0.001483739
-0.000597827
0.002297304
-0.0004733476
-0.001367277
0.001740298
-0.0002472505
-0.0007986742
0.0004060616
-0.00033314
0.0005469112
0.0002793643
-0.001492038
-0.0002088938
0.001230397
-0.000674567
-0.001507448
0.0006701782
0.001692871
5.302571e-05
-0.001206884
0.0003448941
0.0008028964
-0.001425221
-0.0003579632
0.00135989
-0.001265515
-0.001866069
0.001777791
0.001404023
-0.0009927497
0.001171396
0.000349234
-0.0008366001
0.001654636
0.0007709888
-0.0001201637
-0.00229299
-0.001905069
0.003729691
0.002190885
-0.0006152845
-0.001401266
-0.001314776
0.004127147
0.001598177
-0.003762068
0.000406357
0.0002588208
-0.002862202
0.0002447007
0.002472903
-0.0001297965
-0.00350652
1.690588e-05
0.004685952
-0.001668678
-0.003865827
0.003570526
0.0008444996
-0.003764802
0.001069166
0.0004711681
-0.003117611
0.001154645
0.002491745
0.001403704
0.002066163
-0.003905382
-0.004370288
0.003409513
0.002441339
-0.004064525
-0.002050344
0.003834402
0.005143761
0.005275452
-0.002674936
-0.003165294
0.002551188
-0.00973617
-0.004443338
0.0108451
-0.0004605655
-0.006147953
0.002367053
0.004455898
0.002292538
-0.005345166
-0.006876267
0.007813897
0.003720896
-0.005331656
0.007880347
0.005208315
-0.006894539
-0.005996273
0.004582664
0.01092902
-0.001619199
-0.008656072
-0.001892445
0.008481157
0.009291105
-0.000368207
-0.001068384
-0.003012839
-0.004765827
0.006175269
0.007927662
-0.00528436
-0.008225064
-0.002490804
0.005358628
0.008212145
-0.00729378
-0.008104622
0.005886162
0.007576396
0.001537873
-0.01004964
-0.005302495
0.009640386
0.004054258
-0.005290443
0.00357316
0.006479744
-0.006891998
-0.008516992
-0.001240902
0.004488381
0.004933957
0.0003974753
0.0008231623
0.005231694
0.005075889
-0.002163569
0.00283136
0.001330634
-0.009064388
-0.003201283
-4.538547e-05
0.0129826
0.008266831
-0.02136881
-0.005037128
0.0175928
0.00494245
-0.0002771929
0.00666741
-0.0003811933
-0.01185997
-0.003479015
0.003736611
0.00091848
-0.001063435
-0.005134672
6.063924e-05
-0.003000979
-0.01528296
0.004242838
0.02642785
0.01224625
-0.008069982
-0.01248884
-0.001411556
0.01301271
0.003832149
-0.008478059
0.007366337
0.01714902
0.006387123
0.001943293
-0.002176403
-0.004398559
0.00538594
0.001715126
-0.007614722
-0.000736481
-0.002864188
-0.001984693
0.01561871
0.01159934
-0.005110514
-0.007829279
-0.006317641
-0.007376651
-0.006375813
0.006188614
0.01533266
-0.002184806
-0.00826439
0.01659399
0.007291039
-0.01554338
0.0006208253
0.0009232794
-0.00418661
-0.000634135
-0.01100821
0.02010261
0.04122357
-0.007772598
-0.03793785
-0.01228283
0.01462412
0.005840686
-0.001347778
0.008445069
-0.009386519
-0.02545536
-0.004156688
-0.0001461734
-0.0129155
0.008295429
0.01563102
-0.003848898
-0.003669618
-0.005427746
-0.004609038
0.005549009
-0.0002811618
-0.002778843
0.003826521
0.002938066
-0.009621397
-0.01716916
-0.001393376
0.005365648
0.006973084
0.01372464
-0.001335521
-0.01774719
-0.02790173
-0.001532426
0.03543589
0.01212009
0.001324594
0.01685964
0.0005553056
-0.01293911
0.0115351
0.01487715
-0.01629845
-0.01185397
-0.003752182
0.008396341
0.02263258
-0.005355944
-0.01068926
0.004346324
-0.004068192
-0.01777565
0.0004866191
0.03213478
0.01856661
-0.01201322
-0.02580298
-0.007629428
0.009995557
-0.01276005
-0.02991855
-0.02934986
-0.01108451
0.01776706
0.02808195
0.01848421
-0.01449214
-0.02533832
0.01667719
0.02579035
-0.02305626
-0.02766214
0.0097198
0.004103516
-0.0075376
0.0259448
0.04075287
0.007224032
-0.01934183
-0.02586248
-0.01560266
-0.0005483277
0.007239185
0.01638227
-0.01075939
-0.03433818
0.004719898
0.0385558
0.02637545
-0.004788661
-0.01328843
0.008997866
0.005560316
-0.01637299
0.00360526
0.01310517
-0.01323895
-0.002748342
0.004440668
-0.01130148
0.007425994
0.01136964
-0.01537711
-0.01767801
0.004067605
0.02907296
0.02986489
0.00894922
-0.0123473
-0.03081479
-0.00531938
0.01950914
-0.02620969
-0.04395122
0.001362647
0.02308935
0.005879173
-0.01002097
0.00155885
0.01073116
0.001956547
0.007536224
0.02919877
0.02627265
-0.03261674
-0.05132303
0.02121337
0.03551909
-0.007821084
-0.006004551
-0.01459453
-0.03613726
-0.008315679
0.03806477
0.03154296
-0.01810129
-0.03765945
-0.01510964
0.004770178
-0.001896818
0.003757951
0.009250553
-0.002376785
0.01928289
0.02369371
0.004660275
0.003371755
-0.007111791
-0.01629936
-0.02819242
-0.002750761
0.03774265
0.01346633
0.01289444
0.04940538
0.03378624
-0.01202548
-0.01352791
0.008304684
-0.02202579
-0.04234224
-0.008543982
0.007036304
-0.004212417
0.008753567
0.02371051
-0.007753771
-0.01007824
0.01684924
-0.001202408
-0.02312656
-0.03376727
-0.009152645
0.01319707
-0.02560444
-0.01604968
0.0296257
0.02158368
-0.001354085
-0.004570814
0.005696755
0.003121303
0.005662857
0.01247429
-0.007556149
-0.008799024
0.00629725
0.007415645
0.008560851
0.01027702
0.01861298
-0.002591628
-0.03504927
0.003759276
0.04287026
0.02605143
0.02096296
0.01302055
-0.03112043
-0.04830877
-0.004802728
0.03458341
0.03502375
0.02711368
0.01833655
-0.01636474
-0.05411364
-0.01714932
0.03312437
-0.008303086
-0.04987536
-0.01488832
0.02464538
0.02283439
0.02560371
0.03875701
0.007920664
-0.03075007
-0.01345478
0.02256556
0.006778893
-0.029095
-0.0242817
-0.006104526
0.01905393
0.0129643
-0.03735157
-0.0118492
0.05528855
0.03995725
-0.0160835
-0.03177726
-0.004764254
0.02439967
0.02728778
0.002193082
-0.01730563
0.0004457329
0.03596143
0.041857
0.01020939
-0.02341957
-0.04276872
-0.02606059
0.007688929
0.004583465
-0.0009384269
0.01551486
0.00847916
-0.006118831
0.008761356
0.008265976
0.00513761
0.03963295
0.02471581
-0.0264439
-0.00158272
0.01927866
-0.02049911
-0.01838252
0.01131081
0.02606861
0.03252827
0.02520596
0.0429257
0.0304315
-0.04043439
-0.054367
0.0131997
0.03128936
-0.04369518
-0.03766927
0.0240079
0.008648907
0.01923774
0.02722854
-0.04173036
-0.08224043
-0.03493165
0.03678644
0.05014376
0.03214223
0.01401571
0.002867693
0.01087015
-0.004426098
-0.03297613
-0.04824122
-0.03039983
0.005423447
0.01252149
0.0529297
0.08173977
0.0009149973
-0.04836385
0.0005379303
-0.009009247
-0.0586608
-0.0226528
0.01604839
0.01932081
0.02214004
0.006245669
0.03688978
0.06316798
0.004671628
-0.03217245
-0.005857482
0.0005951114
-0.04065127
-0.04348126
-0.0003782123
0.003836423
-0.009089802
-0.00191474
-0.00221872
-0.001693911
0.02029324
-0.001568252
-0.04124864
-0.009132624
0.0119435
-0.008795069
-0.003652239
0.02590609
0.02277441
-0.03050537
-0.03270745
0.03249787
0.04305117
-0.0399875
-0.07433014
0.002987193
0.02516514
-0.02116322
-0.0122707
0.01314768
-0.0054298
0.0001852338
0.05985318
0.04486884
-0.0470943
-0.04069135
0.0539322
0.07095307
0.01662535
0.01221774
0.02417198
-0.008120419
-0.00910216
0.02517737
0.01428846
-0.01648957
-0.01774818
-0.003693212
0.02508135
0.0434843
-0.007685637
-0.06598739
-0.03370723
0.02247702
0.03456698
0.0434982
0.03557219
-0.02355401
-0.06969685
-0.05365482
0.01202854
0.09018418
0.07577544
-0.01363992
-0.03988137
-0.03387108
-0.02796461
0.01705754
0.0318704
0.00950406
0.01291263
0.01760395
-0.001793794
-0.02754132
-0.006807517
0.05401572
0.03903658
-0.04503053
-0.07689836
-0.05878313
-0.05108872
-0.02265342
0.02116749
-0.01456075
-0.09295441
-0.0817514
0.01194323
0.03002814
-0.05847403
-0.08400864
-0.06924496
-0.1083719
-0.110451
-0.06574895
-0.02017045
-0.01230399
-0.06878606
-0.1053334
-0.108061
-0.1238192
-0.1322598
-0.1207401
-0.1028524
-0.08845658
-0.04432933
0.003644098
-0.03958221
-0.1147501
-0.1095965
-0.0708634
-0.088494
-0.1538242
-0.1916736
-0.1763272
-0.1641959
-0.1643188
-0.1367464
-0.1310389
-0.1764277
-0.1951186
-0.1739992
-0.1654395
-0.1485713
-0.09111231
-0.01858043
0.02156691
-0.01179671
-0.02270022
0.07118639
0.1013767
0.04933891
0.09805831
0.1765909
0.1847591
0.2023333
0.237507
0.2410748
0.2001431
0.1683906
0.2304082
0.3209166
0.3279474
0.3008063
0.2999847
0.2821678
0.2500647
0.2669127
0.3235859
0.3540935
0.3291954
0.2687741
0.185886
0.07921584
-0.002571941
-0.02635089
-0.03420741
-0.02262451
0.007253899
-0.004145578
-0.02255376
-0.03641629
-0.1089653
-0.1725401
-0.1874117
-0.1946178
-0.174371
-0.1668399
-0.1792496
-0.1800848
-0.1971475
-0.2331848
-0.2832548
-0.2466923
-0.09586037
0.04872253
0.1251364
0.06912474
-0.0693249
-0.1780227
-0.2181218
-0.1781288
-0.138696
-0.1341912
-0.1109334
-0.06879679
-0.08637795
-0.1508535
-0.1342502
-0.05105931
0.0209297
0.03840185
-0.02686413
-0.06109411
-0.01640063
-0.004698634
-0.007086603
0.03216586
0.0837569
0.1041219
-0.003581431
-0.1756321
-0.2387013
-0.1773646
-0.03319386
0.07597244
0.1067991
0.1186771
0.05456104
-0.01803246
-0.0218847
-0.02414677
-0.01327831
0.004286879
-0.01495666
-0.03541531
0.009265443
0.04594467
-0.003441985
-0.03022242
-0.01222626
-0.01058186
-0.03302671
-0.07128312
-0.05586864
0.007587223
0.04713433
0.0685883
0.06594495
0.02425266
-0.01974903
-0.03441677
-0.05095903
-0.1109056
-0.1368073
-0.08649366
-0.0466051
0.003545597
0.1047628
0.1539045
0.09938912
0.001259208
-0.08461235
-0.1125458
-0.1188437
-0.1348022
-0.07003782
0.01901197
0.01710016
-0.007893008
-0.01409167
0.00308008
0.06366573
0.1036568
0.1047788
0.1010779
0.07020824
0.05471102
0.09265638
0.1428657
0.2125622
0.2683763
0.258303
0.2212003
0.2251426
0.293104
0.3433595
0.3253971
0.2496314
0.1302065
0.023276
-0.04970582
-0.01758159
0.1465865
0.2957009
0.3042497
0.1374787
-0.0396011
-0.05778535
-0.02874178
-0.03519526
-0.045278
-0.0973878
-0.179871
-0.2012684
-0.1340901
-0.02363335
0.04365555
0.0490285
0.06045809
0.05074037
-0.01926946
-0.09345946
-0.1395921
-0.1644751
-0.1746608
-0.1694365
-0.1407865
-0.1152168
-0.1238084
-0.1184045
-0.06851445
-0.03228895
-0.0268122
-0.02719497
-0.04145425
-0.05904775
-0.0579597
-0.05939206
-0.06511688
-0.05531117
-0.04067759
-0.01046109
0.007769791
-0.01799022
-0.012652
0.01134311
0.01480688
0.03463605
0.0266842
0.005056528
0.01546261
0.04449882
0.06449886
0.03717904
0.03003581
0.04959204
0.0571803
0.07549174
0.08782457
0.1243769
0.1235864
0.03073442
-0.04437338
-0.0549693
-0.0186964
0.0291741
0.07795491
0.09701411
0.0539371
0.03814925
0.09010594
0.1674279
0.2123005
0.2019444
0.1849318
0.1641966
0.1320642
0.1093583
0.1135057
0.1346272
0.1419143
0.1366158
0.1283092
0.1272496
0.1169023
0.08833894
0.05533152
0.05176358
0.1122781
0.138341
0.1122833
0.1124181
0.07223998
-0.0322596
-0.1197744
-0.1307688
-0.1144771
-0.1295868
-0.1161622
-0.07223409
-0.04363961
-0.03870033
-0.06303979
-0.08657739
-0.07449487
-0.02040276
0.05527923
0.09921224
0.06592927
0.01584851
0.03628748
0.08791174
0.1049785
0.07955947
0.0391507
0.05412429
0.1398737
0.1945607
0.1655482
0.08776869
0.01447712
0.00771147
0.00891986
-0.006551869
0.02755241
0.02689542
-0.04447804
-0.1180341
-0.179403
-0.1999246
-0.1506327
-0.04012955
0.04879336
0.05357027
0.03819905
0.05117598
0.05747771
0.02522916
0.003408138
0.01648309
-0.007336073
-0.06814698
-0.1179999
-0.1265392
-0.05674075
0.04756269
0.1393171
0.1997278
0.1944889
0.1559351
0.1115979
0.0268887
-0.08371919
-0.127036
-0.120454
-0.1323128
-0.09260135
-0.0106339
0.04936837
0.06468071
0.01008433
-0.02561242
-0.02212047
-0.03897762
-0.06558204
-0.1051744
-0.1124416
-0.07996914
-0.08533235
-0.1280985
-0.1904987
-0.2228828
-0.1621472
-0.08608772
-0.04274532
0.02632299
0.09191833
0.05690493
-0.06862216
-0.1445854
-0.1115422
-0.06073787
-0.03916314
-0.02051421
-0.01027657
-0.02319073
-0.04515187
-0.02860949
0.04499955
0.1105236
0.1407985
0.1467634
0.1240132
0.1027502
0.08728476
0.0801018
0.09959343
0.1109417
0.09057259
0.05904107
0.04285161
0.05762555
0.07330087
0.04231728
-0.005769935
-0.01011937
0.01379843
0.02087202
0.01669158
0.007707688
-0.003842157
0.04603992
0.1116
0.06973446
-0.01324586
-0.05864313
-0.08418244
-0.09219811
-0.09111552
-0.0736093
-0.07058058
-0.09249755
-0.07805427
-0.06065534
-0.08090048
-0.1032622
-0.08953644
-0.03610197
-0.02339499
-0.04887419
-0.03353833
-0.0237582
-0.03173245
-0.004054119
0.01519819
-0.003463143
-0.0108792
0.01335237
0.03552419
0.003548722
-0.07252398
-0.1343015
-0.1546977
-0.09307246
-0.003799209
0.007185703
0.01040016
0.03249053
-0.01776553
-0.1065858
-0.1297172
-0.09460056
-0.1025727
-0.1549438
-0.169452
-0.1418735
-0.09909513
-0.08085837
-0.1223405
-0.1192162
-0.01245858
0.07791937
0.1228155
0.1249436
0.02871911
-0.09419704
-0.1608474
-0.188929
-0.1768203
-0.1223914
-0.08593054
-0.06963065
-0.04591272
-0.06235957
-0.1162568
-0.1423062
-0.08712074
0.01687368
0.05142649
0.003002656
-0.05533084
-0.09060552
-0.1037614
-0.1161632
-0.1283141
-0.125761
-0.1172378
-0.1074099
-0.1165818
-0.1663056
-0.2027582
-0.1752929
-0.1126389
-0.04663448
0.009265753
0.03735465
0.06828583
0.1200592
0.1510626
0.1635749
0.1710584
0.1706575
0.1443211
0.1087384
0.1119613
0.08000168
-0.005102216
-0.06071795
-0.05202499
0.0227502
0.1230516
0.2292648
0.2729865
0.2251981
0.1714975
0.1153339
0.02376977
-0.06252672
-0.06476652
-0.01952944
0.02886471
0.1023139
0.1261869
0.06594532
-0.0201277
-0.06062359
-0.07144213
-0.08238183
-0.03268705
-0.004503947
-0.06237057
-0.1007158
-0.07848391
-0.009026833
0.07028588
0.09373195
0.04424951
-0.04365565
-0.08986987
-0.04542039
0.02671201
0.04402863
-0.01748585
-0.08798231
-0.09397677
-0.1055486
-0.1481334
-0.1280614
-0.03771503
0.04451484
0.06825744
0.05924852
0.03943675
-0.01288805
-0.05314076
-0.0350693
-0.02535056
-0.05875438
-0.06255566
-0.01611343
0.03297453
0.07570732
0.109701
0.1169409
0.1127035
0.09649164
0.03405102
-0.0443078
-0.06580232
-0.0481475
-0.07055614
-0.09138068
-0.03335891
0.04225278
0.0761699
0.07272969
0.06168302
0.06560946
0.04174882
-0.007614942
-0.02129973
0.009724323
0.0485518
0.08591204
0.09574767
0.03392717
-0.01376685
-0.005519833
-0.006340915
0.004596302
0.03102377
0.05231713
0.05169614
0.01150505
-0.008771733
0.006062981
0.01620654
0.01399852
-0.01246246
-0.04126079
-0.01997062
0.03072806
0.0618566
0.0661206
0.04586021
0.01713622
-0.01464962
-0.03550909
-0.02178307
-0.002973124
-0.001226309
-0.005773273
0.002290701
0.03247489
0.0575395
0.06304272
0.07409539
0.08801666
0.07039821
0.05227084
0.07030734
0.0946547
0.1173143
0.1316911
0.1428472
0.1658588
0.1531644
0.1080271
0.06457887
0.004300754
-0.05602492
-0.05472549
0.02810837
0.1037271
0.09540828
0.03884353
0.008548444
0.03505648
0.05024595
0.01385924
-0.0368568
-0.08820783
-0.1456446
-0.2118902
-0.2268154
-0.1613799
-0.09789284
-0.05553339
-0.02285817
-0.02872762
-0.05647259
-0.08301058
-0.09526683
-0.06600534
-0.02230932
-0.02608888
-0.05650586
-0.06129401
-0.04747174
-0.02879676
-0.02805237
-0.05882505
-0.07668144
-0.06099372
-0.02836131
0.01837444
0.04978824
0.04310886
0.032932
0.02820359
0.01800729
0.007680378
-0.02202792
-0.0579403
-0.06995369
-0.08235593
-0.09802606
-0.09189595
-0.07830314
-0.04318612
0.04172697
0.123591
0.1660515
0.1565402
0.08206686
0.02233154
0.01168348
-0.005205563
-0.01529676
0.01044659
0.04278342
0.05387914
0.04814909
0.03378783
0.01296862
-0.002520767
-0.004630496
0.0002813834
0.004844943
-0.001465802
-0.02780656
-0.05392562
-0.05360524
-0.02536908
0.006927899
-0.002878148
-0.006735444
0.06976632
0.1369494
0.1415452
0.1336745
0.1000001
0.04495183
0.01964826
0.03010661
0.05308518
0.08955513
0.1293491
0.1502338
0.1467247
0.1196513
0.0960722
0.07174264
0.04463071
0.06861905
0.1150156
0.09934068
0.0555831
0.04946435
0.02326426
-0.04985444
-0.09225742
-0.09594783
-0.1031143
-0.1089067
-0.1055495
-0.1089471
-0.1364439
-0.1796124
-0.2043106
-0.2038507
-0.1827482
-0.1363612
-0.09015478
-0.06583016
-0.07289931
-0.1000604
-0.09801014
-0.05759564
-0.02424572
-0.03705217
-0.07484256
-0.08078763
-0.05959221
-0.05069104
-0.04589908
-0.02971779
-0.01910429
-0.01139265
0.01230829
0.04003589
0.04285283
0.006583141
-0.03852477
-0.04685085
-0.03438062
-0.0346409
-0.02345876
0.01942093
0.07400445
0.09830054
0.07555066
0.06932024
0.1012808
0.1214594
0.1261901
0.1220805
0.105819
0.08994187
0.089241
0.1039918
0.120465
0.1438189
0.1626035
0.1810021
0.2218728
0.2256745
0.1787285
0.1307126
0.06714743
-0.01130388
-0.08554324
-0.1177005
-0.0746863
-0.00623956
0.06507315
0.1299249
0.1459237
0.1097034
0.04178786
-0.01615285
-0.02889016
0.001597779
0.04327213
0.04932871
0.008968844
-0.0395516
-0.03989949
0.004641362
0.03617434
0.0318321
0.008465174
-0.01400719
-0.0335488
-0.03929809
-0.02069168
-0.004090129
-0.002862923
-0.009508686
-0.01123369
0.009037021
0.02816869
0.02638612
0.01693825
0.005537476
0.002973085
0.006461225
0.005866596
-0.001056942
-0.01843897
-0.02151649
-0.006073103
-0.005671267
-0.01656141
-0.01298554
0.006069225
0.02549932
0.02560927
0.00236672
-0.02873797
-0.05797819
-0.07165409
-0.08430242
-0.1222298
-0.1387472
-0.09925879
-0.05049853
-0.03987811
-0.05414829
-0.05421922
-0.04984828
-0.05060756
-0.03154552
-0.001755589
0.00695472
-0.01026718
-0.02303324
-0.01220935
0.001263698
0.008520468
0.004522526
-0.009304125
-0.002596898
-0.00410026
-0.0371927
-0.04711305
-0.03188313
-0.02319328
-0.01913812
-0.01932058
-0.032303
-0.06114754
-0.09060316
-0.1139225
-0.1238841
-0.1154325
-0.1041754
-0.09437407
-0.08330368
-0.06601435
-0.04059216
-0.01781638
-0.02668797
-0.06914419
-0.08747554
-0.07717149
-0.07611775
-0.07677091
-0.08385127
-0.09653129
-0.07482325
-0.02446399
0.01802926
0.03938834
0.01060017
-0.05077242
-0.06617259
-0.04154923
-0.03866261
-0.06028996
-0.0775838
-0.07545229
-0.06228854
-0.0582711
-0.05873549
-0.0416821
-0.01560223
-0.0224645
-0.06260951
-0.08137265
-0.07647251
-0.07493504
-0.05922756
-0.04011844
-0.05249062
-0.07783922
-0.07851793
-0.0541294
-0.02238264
-2.942302e-06
-0.0008267604
-0.007388989
-0.001204543
-0.00233226
-0.008989679
0.002380032
0.01263062
0.008610959
0.008555336
0.01159985
0.00831712
0.001491036
-0.002560483
-0.0115263
-0.026251
-0.02445413
-0.00579827
0.004428997
-0.00618584
-0.02549747
-0.04992813
-0.06622572
-0.04077842
-0.006764246
-0.008724172
-0.03199573
-0.0593601
-0.07140625
-0.07313583
-0.07339127
-0.04216349
-0.009317514
-0.02176351
-0.01893799
0.03668722
0.06355629
0.03742717
0.02414246
0.0268379
0.02840809
0.04353286
0.06628885
0.09192714
0.1114065
0.1048317
0.08667571
0.08688414
0.1186399
0.1682722
0.1831689
0.1426532
0.0970383
0.073745
0.04466593
-0.0005396215
-0.01224039
0.01610325
0.01745711
0.02237746
0.08059845
0.1195252
0.1240298
0.1406285
0.145826
0.1338611
0.1153547
0.08590234
0.07979148
0.08395501
0.04861993
0.01767733
0.04567309
0.1079827
0.1633791
0.1714622
0.12912
0.08670426
0.05697061
0.03753285
0.03990978
0.04626589
0.04319056
0.02473727
0.0007441277
0.01220856
0.06153907
0.09940442
0.1010588
0.08634902
0.06163056
0.03678503
0.03384371
0.03037575
0.006482716
-0.02360796
-0.04762995
-0.05822334
-0.05294631
-0.04108043
-0.03399679
-0.02219657
-0.002554139
0.004122254
0.006132924
0.02876294
0.04261577
0.02702784
0.02983267
0.04673841
0.03164702
0.002744858
-0.003409393
0.01946002
0.04607462
0.06164749
0.07530762
0.07499793
0.04468975
-0.003257316
-0.04315162
-0.06316162
-0.04805693
0.004645915
0.05421845
0.06372555
0.03871911
0.02152964
0.01800084
-0.003778529
-0.03267155
-0.04451506
-0.03383121
-0.004553635
0.03081137
0.05995107
0.07801724
0.07638239
0.03583441
-0.007665356
-0.003615863
0.01430052
0.002762345
-0.0263882
-0.03971554
-0.02986621
-0.003769952
0.04010825
0.08107305
0.09325745
0.06460844
0.01971878
-0.004526362
-0.01663167
-0.02470654
-0.02446534
-0.0113282
0.02170589
0.05669893
0.06977638
0.07088626
0.076066
0.07221718
0.0559783
0.04520309
0.04930807
0.04784347
0.02137253
-0.006268043
-0.01463498
-0.01434357
-0.01939989
-0.02212437
-0.0324372
-0.06932555
-0.09642247
-0.09664641
-0.08794672
-0.08153888
-0.0892499
-0.1002956
-0.1067556
-0.1082366
-0.1012283
-0.08865054
-0.07941448
-0.08691741
-0.09833428
-0.1036772
-0.112019
-0.1153398
-0.1164328
-0.1248572
-0.1277191
-0.1205313
-0.1107767
-0.1016384
-0.09166979
-0.06644604
-0.03005954
-0.01523904
-0.03013252
-0.05207066
-0.06601231
-0.07960581
-0.09615629
-0.09808074
-0.08356599
-0.06242527
-0.03482563
-0.03068963
-0.06350266
-0.08751194
-0.1016265
-0.125386
-0.1320006
-0.1315362
-0.1311277
-0.1024869
-0.07837224
-0.08214769
-0.08026646
-0.07582698
-0.08813998
-0.1054747
-0.1049163
-0.08544061
-0.07408771
-0.0818536
-0.09675093
-0.09965088
-0.07397767
-0.03021079
0.009194835
0.03113174
0.03320729
0.02280461
-0.002116663
-0.02484217
-0.006447375
0.0270598
0.03264977
0.03581292
0.04474216
0.04022466
0.03366638
0.01625686
-0.0223095
-0.04098431
-0.02509304
-0.009484508
-0.004885956
0.004249573
0.01981094
0.01927295
0.0007293279
-0.003859786
0.01179369
0.04133713
0.07472932
0.07889955
0.05184248
0.02136273
0.001278918
-0.006104558
-0.0002889945
0.0196607
0.04494022
0.0739272
0.1055808
0.1093078
0.08178498
0.05667723
0.03157625
0.0009357412
-0.004725243
0.008193584
0.0115897
0.02290949
0.04419305
0.04739415
0.03406847
0.02709774
0.03718164
0.05463622
0.06608446
0.06700176
0.07332676
0.08749902
0.09113312
0.1010469
0.113453
0.1047163
0.0989794
0.1067998
0.1121807
0.117192
0.1245242
0.1197208
0.1050123
0.09436661
0.08760006
0.08840862
0.07194625
0.02791313
0.002705218
0.00986905
0.02557741
0.03076271
0.02976392
0.03115512
0.02874384
0.03522603
0.05303212
0.07223547
0.0922461
0.09818583
0.08086318
0.05774651
0.04857492
0.05117396
0.06088478
0.07586674
0.08971936
0.1024342
0.1043077
0.08481544
0.05342298
0.01938575
-0.01720157
-0.04430939
-0.04657426
-0.03261871
-0.03000894
-0.05096027
-0.06007243
-0.03623055
-0.01894203
-0.02676862
-0.02985577
-0.02118433
-0.03333813
-0.06934776
-0.09649235
-0.1048183
-0.112542
-0.1309187
-0.1336521
-0.0903055
-0.02178929
0.0200379
0.02455265
0.01121502
-0.0198037
-0.04814017
-0.06119379
-0.07752421
-0.08669935
-0.07901466
-0.06711241
-0.06239718
-0.05892464
-0.03866061
-0.01074263
0.009551854
0.01524875
-0.01083587
-0.05927784
-0.08769306
-0.08661655
-0.08205079
-0.06862567
-0.03040414
0.01604473
0.05348763
0.07949718
0.08901026
0.06847097
0.02705415
-0.005227225
-0.01543231
-0.006331491
0.004129023
0.01187711
0.03041469
0.05199583
0.06822885
0.0804547
0.08826145
0.08609296
0.0677478
0.0312148
-0.01812255
-0.05449608
-0.07096815
-0.07920626
-0.06787528
-0.03915868
-0.009359711
0.0137055
0.01778744
0.01181646
0.01735462
0.02759374
0.02421668
0.007965
-0.004353915
-0.00384916
0.0005879116
0.0009333138
0.002875205
0.007283163
0.01204677
0.02008506
0.02684121
0.04225516
0.06721126
0.07002961
0.04738186
0.02000155
-0.005365528
-0.02219432
-0.02195826
-0.01202989
-0.01053565
-0.02113335
-0.04409122
-0.07067008
-0.06418844
-0.02280322
0.005290276
0.01172058
0.02311328
0.02624254
0.01444561
0.01413756
0.01815815
0.01396767
0.006605583
-0.008871291
-0.01937353
-0.01153153
-0.001161843
-0.004851638
-0.01740237
-0.01177589
0.01469409
0.02294998
0.002827947
-0.01020639
-0.004209567
-0.008883616
-0.03282858
-0.04532297
-0.03883553
-0.03682068
-0.05150672
-0.0749889
-0.08634651
-0.08345315
-0.0827076
-0.07533097
-0.0521637
-0.03719557
-0.04602614
-0.06265777
-0.07021885
-0.06208946
-0.03153429
0.009118226
0.03574344
0.05022015
0.04888104
0.02345438
0.0004766868
-0.006350142
-0.007135124
-0.00934184
-0.02171438
-0.03604812
-0.04122235
-0.03458318
-0.004982454
0.03223565
0.04579431
0.04165173
0.01682027
-0.02742771
-0.04085354
-0.02600728
-0.02246481
-0.01773488
-0.01148478
-0.01989817
-0.0204671
0.001173993
0.02033394
0.02315706
0.01338134
-0.00553045
-0.01740905
-0.01119263
0.01345472
0.04487927
0.0477835
0.0139998
-0.01965689
-0.02599227
-0.006931169
0.01693407
0.02914682
0.03784946
0.05118208
0.06113183
0.05917521
0.04740393
0.03240177
0.01754263
0.002389009
-0.01448208
-0.01459432
0.009584521
0.02376211
0.01115268
-0.009002744
-0.01813297
-0.01428648
-0.007533716
-0.00522658
-0.008236073
-0.006789008
0.009400779
0.0282913
0.03678079
0.04781773
0.06123491
0.05056005
0.02441469
0.01712717
0.0259064
0.02970921
0.02821703
0.0275336
0.02111711
0.002339382
-0.01001602
0.007257116
0.0299712
0.02536936
0.01799075
0.0274307
0.02527872
0.008660228
0.004346205
0.01095313
0.01318455
0.01181311
0.01030705
0.003525228
-0.006005311
-0.009540794
-0.01040796
-0.01264428
-0.01580415
-0.01730254
-0.006448341
0.01353005
0.02271016
0.02134227
0.02226128
0.01622135
-0.0008676414
-0.01124612
-0.01418622
-0.02392829
-0.04170127
-0.05277685
-0.04675565
-0.03220422
-0.01781998
-0.006107402
-0.007180345
-0.02949202
-0.05528024
-0.05645519
-0.03704768
-0.02223257
-0.01647872
-0.009363534
-0.01239871
-0.03118334
-0.03474269
-0.0208575
-0.01496304
-0.01006525
0.00297478
0.01231804
0.002657251
-0.01554087
-0.01273591
0.001727702
0.005644384
0.006616991
0.007619396
0.001403739
0.001509166
0.01449433
0.01792345
0.01068975
0.001371741
-0.009949139
-0.01118019
-0.009927528
-0.01155763
-0.00611301
-0.008072416
-0.02119502
-0.02149655
-0.00561585
0.003268894
0.0006540559
0.006159401
0.02426095
0.03138605
0.0162783
0.0102947
0.02639731
0.03504051
0.02778792
0.02002111
0.0128861
-0.002120941
-0.01341013
-0.002266883
0.01920049
0.02884964
0.02634906
0.02312806
0.026115
0.03014971
0.01884266
-0.0109293
-0.03830026
-0.04514236
-0.02708655
0.0003483478
0.0174966
0.02950538
0.03355962
0.0204187
0.007766803
0.006711576
0.004416411
-0.004789018
-0.01147253
-0.01322376
-0.01211787
-0.01161734
-0.01553587
-0.008801198
0.01141644
0.02700515
0.03018815
0.0233682
0.01663744
0.0036478
-0.02849499
-0.06050691
-0.07137257
-0.06552965
-0.04548052
-0.01099956
0.02347883
0.04625742
0.05286137
0.04503064
0.02818735
0.01208362
0.01216936
0.01673996
0.009481987
0.001347603
0.003453233
0.009824847
0.01397896
0.02225938
0.03192619
0.04019694
0.03688533
0.008636647
-0.01832035
-0.03000036
-0.03315114
-0.02263038
-0.008861539
-0.001779964
-0.001409156
-0.001028795
0.008678584
0.01227913
0.005156506
-0.000544656
-0.01891605
-0.04014113
-0.03555934
-0.02758607
-0.03505531
-0.0397923
-0.03260215
-0.01749022
-0.004756376
-0.001073524
-0.004325158
-0.01893394
-0.03831579
-0.03863287
-0.02450705
-0.01583766
-0.01179851
-0.01611048
-0.02171039
-0.007404883
0.01712121
0.03489351
0.04227756
0.03534796
0.01939309
0.004285609
-0.004785884
-0.009812823
-0.01804254
-0.02633104
-0.02452845
-0.008087519
0.01524173
0.02747694
0.02471338
0.0182601
0.01077855
-0.001427675
-0.01050964
-0.008658718
-0.006071906
-0.006703908
-0.001306641
0.00737458
0.01164094
0.01341944
0.01872639
0.02828773
0.03541047
0.03944886
0.04640985
0.05258115
0.04831249
0.03369994
0.01996613
0.0167126
0.02546537
0.03851179
0.04684844
0.04983067
0.04507198
0.03447827
0.0260053
0.02237823
0.02343329
0.02132151
0.01508677
0.01490979
0.01563672
0.01047853
0.007090325
0.003323817
-0.006519827
-0.009940203
0.001174632
0.01395874
0.01974744
0.02487771
0.02405512
0.01415296
0.01417295
0.02112089
0.017531
0.01084642
0.007113507
-0.002352379
-0.02362204
-0.04178334
-0.03442783
-0.01870451
-0.01727504
-0.01803742
-0.01517679
-0.01313493
-0.01542915
-0.02360261
-0.02683301
-0.026042
-0.02842193
-0.02490737
-0.0113849
-0.00114361
-0.007487768
-0.02059979
-0.02467236
-0.02060221
-0.007075051
0.007973551
0.005230127
-0.005847966
-0.01050376
-0.01479464
-0.01767157
-0.01681425
-0.01946351
-0.02705851
-0.03283891
-0.03778613
-0.04718886
-0.04994146
-0.04463622
-0.04441981
-0.04553405
-0.04188984
-0.03478908
-0.02433315
-0.01058109
0.003980313
0.01371694
0.0111999
-0.001745846
-0.007863469
-0.00429691
-0.003565005
-0.006071087
-0.003271444
0.008615064
0.0179428
0.01648752
0.01107529
0.00329921
-0.007090556
-0.009262433
0.0003438589
0.005553504
0.005474608
0.009492036
0.009034053
0.005856662
0.005978848
0.00485599
0.006326172
0.01180641
0.01546957
0.01314764
0.005871755
0.002047719
0.0008176052
-0.004218294
-0.01005944
-0.01529978
-0.01806612
-0.01562431
-0.01150672
-0.005586578
0.001544998
0.0009745099
-0.009867384
-0.02371164
-0.03686004
-0.04454056
-0.04281393
-0.03696716
-0.02769416
-0.01691631
-0.01208341
-0.01084392
-0.01063435
-0.01551241
-0.02038744
-0.01615911
-0.0101275
-0.0117858
-0.01721662
-0.02096803
-0.02399605
-0.02561254
-0.01482964
-0.002011117
-0.008004278
-0.01444703
-0.007698172
0.004475128
0.02043816
0.03054668
0.03194247
0.02229473
-0.001656161
-0.01911927
-0.01841273
-0.01007211
-0.006834184
-0.009483341
-0.006086384
-0.000706577
-0.002529614
-0.003776128
-0.0003597246
0.002214811
0.0009347188
-0.0007292863
0.001205263
0.002136752
0.002662799
0.006747148
0.00338486
-0.00498364
-0.004307523
0.001834301
0.008710832
0.0111958
0.005755193
-0.0004902276
-0.001570727
0.00433151
0.01342737
0.01859489
0.01441067
0.006171462
0.003723169
0.004367407
0.006190588
0.0110716
0.01801272
0.02639881
0.02837903
0.0227025
0.02222028
0.02512558
0.02082605
0.0127021
0.007644239
0.005816841
0.002080477
-0.002851857
-0.002990889
-0.0003669048
0.001558008
0.003281493
0.004343333
0.002908174
-7.414018e-05
-0.0003072637
0.006707319
0.02031729
0.03057563
0.03258416
0.02913472
0.01961137
0.008217711
0.003365442
0.005469686
0.008744879
0.01245495
0.019539
0.02340211
0.01855059
0.01287395
0.008826694
-0.002483127
-0.01867206
-0.02570336
-0.0217056
-0.01474103
-0.005130378
0.008306236
0.01410682
0.006585272
-0.002575813
-0.01059112
-0.0220864
-0.03493489
-0.04109431
-0.03856297
-0.03916846
-0.03964013
-0.03043411
-0.01918458
-0.01130478
-0.002598892
0.005979638
0.002254546
-0.007647638
-0.006753348
-0.0002281062
0.005378367
0.01219038
0.0204268
0.02594908
0.02845496
0.03359773
0.04017108
0.04375171
0.03678325
0.01854165
0.003990954
-0.0004225059
0.001618137
0.008676406
0.01954575
0.03045949
0.03583718
0.0350433
0.03137096
0.02964843
0.02758617
0.02055997
0.01746239
0.01790762
0.01506163
0.0143472
0.01693521
0.01954657
0.0184061
0.01541556
0.01618999
0.01472539
0.009937795
0.009632471
0.00962269
0.004950493
0.002420956
0.001378058
-0.001069171
0.002182725
0.007411613
0.008637385
0.01215223
0.01661384
0.01659349
0.01683338
0.02027119
0.02317685
0.02488623
0.02536938
0.02256432
0.01875616
0.01720031
0.01577078
0.01411926
0.01813885
0.02943187
0.04241249
0.04836812
0.04456803
0.03602292
0.02098197
0.002685669
-0.01196232
-0.02065718
-0.01290655
0.005199854
0.01552873
0.01571173
0.007713093
-0.003168375
-0.01095181
-0.01422535
-0.01473771
-0.01646153
-0.01909146
-0.02063619
-0.0201566
-0.01830854
-0.01501174
-0.010688
-0.009868811
-0.0138466
-0.0221142
-0.03196553
-0.03717219
-0.03678053
-0.03351581
-0.03073078
-0.0279986
-0.01921293
-0.00622663
-0.0004999762
-0.004134236
-0.009167912
-0.01582072
-0.02555054
-0.03201211
-0.03192252
-0.02649378
-0.01946581
-0.01358412
-0.008230917
-0.004853012
-0.006253481
-0.01273505
-0.02041595
-0.02505742
-0.02619149
-0.02490694
-0.02222883
-0.01786961
-0.01297233
-0.01208668
-0.01579944
-0.01985221
-0.01972519
-0.01399155
-0.008188468
-0.005401813
-0.006840128
-0.01784864
-0.03299814
-0.04014602
-0.03261847
-0.01311748
0.005480073
0.01457302
0.0103845
-0.0005453765
-0.002013525
0.003549888
0.003354445
-0.0005382442
-0.001008686
-0.001240798
-0.002812031
-0.003330014
-0.006930172
-0.01241481
-0.01772124
-0.02375216
-0.02621927
-0.02576421
-0.0226276
-0.0175962
-0.0192767
-0.02471358
-0.02367606
-0.01869339
-0.01556737
-0.01527464
-0.01736214
-0.01765845
-0.01515185
-0.01371205
-0.009998416
-0.004188267
-0.00701345
-0.01651033
-0.01943485
-0.01446568
-0.009392
-0.00741227
-0.006497773
-0.005035549
-0.002084901
0.004855776
0.01342062
0.0150208
0.009356526
0.00374778
-0.0002826627
-0.001463166
0.003705537
0.01087642
0.01302605
0.01352733
0.01957772
0.02763617
0.02860628
0.02294401
0.01693004
0.007549912
-0.003510299
-0.004766827
0.00111851
0.005778482
0.008830131
0.01593533
0.02652974
0.02763785
0.02058133
0.01710556
0.02087298
0.02632668
0.0230554
0.01439451
0.005290245
-0.006997532
-0.01459733
-0.009965686
7.898277e-06
0.007721349
0.01249155
0.01672439
0.02099579
0.01847535
0.008123843
-0.003294741
-0.01107853
-0.009866333
-0.003840512
0.002706551
0.01293636
0.02015339
0.02221727
0.02442556
0.02228412
0.01479772
0.009711025
0.01042718
0.01445672
0.01645409
0.01342433
0.006696923
0.0006034689
0.003274467
0.01344356
0.01889311
0.01280934
-0.0002527739
-0.007908118
-0.009552813
-0.01358661
-0.01750793
-0.01651378
-0.01096027
-0.006976665
-0.006866291
-0.003595974
0.004523558
0.01190629
0.01132686
0.001938834
-0.008466215
-0.01321461
-0.01104228
-0.008229592
-0.01149108
-0.01415387
-0.008633031
-0.002389109
0.0002542554
0.0009169667
-0.004285434
-0.01008629
-0.007248764
-0.001477549
0.0004448821
0.001758281
0.003645497
0.004952341
0.005711043
0.007337904
0.01335419
0.01960623
0.02115831
0.01960525
0.01585471
0.01299048
0.01299041
0.01337882
0.01035236
-0.000295617
-0.01336318
-0.01739988
-0.01406519
-0.01018495
-0.005556677
-0.001304111
0.001578053
0.002933657
0.004531325
0.009601315
0.0139027
0.01499978
0.01412591
0.00850156
-0.001134971
-0.008512291
-0.007305067
0.001725263
0.01053131
0.01709944
0.0212257
0.01593025
0.005615103
0.001417371
0.0007704376
-0.001757429
-0.006319097
-0.01015185
-0.01058687
-0.007716231
-0.001480241
0.005631663
0.01139241
0.01580555
0.0164978
0.01332283
0.009650172
0.006462184
0.004785717
0.007842639
0.01228166
0.01229139
0.01068052
0.01119511
0.01123237
0.008444039
0.007071141
0.009140197
0.008441421
0.003006276
-0.002913231
-0.0051054
-0.0005169713
0.005348105
0.003022353
-0.004570749
-0.007669326
-0.006019485
-0.002335701
0.003946349
0.006714151
0.003286135
0.0007005763
0.001230518
0.002914479
0.004090411
0.004879488
0.00347892
-0.005353271
-0.01607011
-0.01771747
-0.01327544
-0.01411955
-0.02077676
-0.02379761
-0.02183036
-0.0232479
-0.02882011
-0.02895565
-0.02330703
-0.02053571
-0.02034641
-0.01835517
-0.01668422
-0.01808491
-0.02392519
-0.03418701
-0.04061916
-0.03807484
-0.03035209
-0.02084501
-0.01529619
-0.01319585
-0.009402509
-0.009169621
-0.01490552
-0.01905224
-0.01940201
-0.02030055
-0.01984528
-0.01431842
-0.008154509
-0.006236423
-0.006294486
-0.004583683
-0.004130594
-0.007594286
-0.01343423
-0.02052669
-0.02195257
-0.01397816
-0.006415455
-0.006452408
-0.007988316
-0.00349936
0.002921921
0.004526946
0.004799176
0.0074028
0.008811703
0.01048496
0.01722479
0.02473604
0.02724988
0.024225
0.01782463
0.01462437
0.01742211
0.01830615
0.01145474
0.003435685
0.001707194
0.004328536
0.01067937
0.02117433
0.02715787
0.02324918
0.01405851
0.007927236
0.009995713
0.01252247
0.01014488
0.009342011
0.009398863
0.005858929
0.003899288
0.009177607
0.01572327
0.01659303
0.01735693
0.02022176
0.0163347
0.004980405
-0.003977318
-0.006705085
-0.007524038
-0.009031754
-0.007426068
-0.001490566
0.001267208
0.002986437
0.01189109
0.02185652
0.02300302
0.01577616
0.008313308
0.001456435
-0.004168524
-0.0001340496
0.006395524
0.004676875
-0.0006628187
-0.00385197
-0.002794367
0.0002336672
0.002320469
0.003619404
0.001778996
-0.001453321
-0.001114059
0.0009634656
0.003956692
0.006239107
0.004994097
0.004158779
0.00250164
4.719747e-05
0.001005132
-0.001666222
-0.008717653
-0.01224351
-0.01308751
-0.01142512
-0.008752185
-0.00910541
-0.007972583
-0.005180748
-0.004698366
-0.004285635
-0.002426253
0.00356332
0.01197308
0.0144271
0.01189199
0.009492974
0.005307085
-0.001861338
-0.008168742
-0.01093722
-0.01179863
-0.01317035
-0.01351111
-0.01047621
-0.006336189
-0.002398891
0.0009094554
-0.0001186269
-0.004438467
-0.007790397
-0.009399759
-0.009445271
-0.008465619
-0.004850392
0.001255778
0.005583583
0.00901997
0.01209529
0.01044736
0.003740428
-0.000670463
0.004218311
0.01123633
0.01255873
0.01259626
0.012709
0.01084623
0.008170074
0.009147831
0.01436875
0.01598464
0.01217805
0.005729822
-0.002693673
-0.008876919
-0.008539415
-0.001918519
0.006278834
0.01099793
0.01180304
0.01002304
0.003774965
-0.004031719
-0.004923703
-0.00217865
-0.003060393
-0.004400019
-0.002872837
-0.0004865733
-0.0001808057
-0.0001182166
0.004023031
0.008958196
0.009689121
0.009057122
0.009864537
0.00800065
0.001616011
-0.002012847
0.0006856151
0.005560166
0.01220341
0.01835609
0.01878723
0.01398064
0.005288593
-0.002045965
-0.001335091
0.002745685
0.005642499
0.01071183
0.01624779
0.01701449
0.0156885
0.01661095
0.0155633
0.009123975
0.003121014
0.0008032275
-0.002291834
-0.006213316
-0.006384715
-0.003068181
-0.0005941751
-0.001723013
-0.003770747
-0.003474334
-0.002735918
-0.003829869
-0.006126178
-0.00888036
-0.0133646
-0.01762949
-0.01621509
-0.01113619
-0.007688526
-0.005773652
-0.005177961
-0.005648997
-0.003243607
0.004359006
0.009840476
0.004625776
-0.006431894
-0.01509111
-0.01995765
-0.0195535
-0.01509382
-0.01245588
-0.014691
-0.01911905
-0.0205903
-0.01986784
-0.0178894
-0.01117539
-0.002689338
0.001236577
-0.002651299
-0.009391025
-0.01040302
-0.007957514
-0.004715532
0.0005552593
0.004472492
0.006956494
0.00824403
0.006345475
0.005130561
0.004422494
0.004123083
0.008500208
0.01364995
0.01793366
0.01836109
0.01198849
0.006733092
0.00535016
0.009762251
0.01700769
0.01794309
0.01515845
0.01129487
0.007377442
0.005261647
0.002509504
0.0006987996
0.002008987
0.005081878
0.01024083
0.01656572
0.01996997
0.02015732
0.01998946
0.01876147
0.01501973
0.009902514
0.003186747
-0.003631679
-0.005125317
-3.417863e-06
0.009408305
0.01825668
0.01999601
0.01474561
0.00825134
0.004307929
0.001530975
-0.0003194854
0.0008459569
0.001322921
-0.001695637
-0.003716365
-0.001731721
0.001805699
0.004443573
0.004714914
0.0003949762
-0.007131194
-0.01491112
-0.02264487
-0.02869164
-0.03066706
-0.02693615
-0.01859764
-0.01140237
-0.007770052
-0.005959006
-0.005724886
-0.006861324
-0.008835276
-0.01154731
-0.01331444
-0.01127629
-0.007589295
-0.007837232
-0.01072401
-0.009751237
-0.003692201
0.001783409
0.003607764
0.004030369
0.003441331
0.001117162
-0.002066527
-0.006196873
-0.01109409
-0.01495814
-0.01720507
-0.01880047
-0.0203175
-0.02023576
-0.01711332
-0.01294553
-0.009788618
-0.009125833
-0.009433434
-0.006533754
-0.004075709
-0.006343255
-0.01119154
-0.01747354
-0.02242894
-0.02108358
-0.01436
-0.009415126
-0.00830113
-0.006857973
-0.005819772
-0.007430666
-0.008797498
-0.007671647
-0.006399238
-0.006685529
-0.007483129
-0.009669655
-0.01352818
-0.01533789
-0.01374144
-0.009770997
-0.002577765
0.00524334
0.007535664
0.002766114
-0.0041332
-0.009894375
-0.01512187
-0.01615282
-0.009578561
0.0003173615
0.00684364
0.009059812
0.01141909
0.01407109
0.01286867
0.007126561
0.0004388524
-0.006506018
-0.0147708
-0.01840209
-0.01513747
-0.009557436
-0.002233332
0.005399128
0.009683938
0.008071933
0.00209311
-0.003286677
-0.009666867
-0.01861323
-0.02453032
-0.02302918
-0.01447273
-0.005162469
-0.001551216
-0.002989423
-0.007500456
-0.01223455
-0.01056352
-0.003276035
0.003090147
0.008982641
0.01305858
0.01040432
0.003254625
-0.002267287
-0.002224471
0.001966867
0.006277177
0.008239721
0.006743688
0.004031775
0.003617459
0.005804094
0.006917331
0.004073143
-0.0006603967
-0.004275128
-0.003808262
0.001997547
0.008284384
0.01031052
0.009247178
0.007055561
0.004592226
0.006199746
0.01336275
0.01937943
0.02006017
0.01637261
0.00932322
0.001895331
-0.001505091
0.001246397
0.008394844
0.01393273
0.01258993
0.005818872
-0.0007751269
-0.002888138
-0.001444541
0.0002233064
0.001967369
0.002690282
0.0004120544
-0.00335917
-0.006063762
-0.005744416
-0.003187893
-0.001567887
-0.001981645
-0.003693706
-0.005495891
-0.006542044
-0.009009088
-0.01454687
-0.0197585
-0.02207036
-0.0216588
-0.01834765
-0.01343966
-0.009770181
-0.00925453
-0.00859063
-0.00596595
-0.006997439
-0.01207075
-0.01717402
-0.02199817
-0.02609143
-0.02641827
-0.02114119
-0.01485271
-0.01141901
-0.008989954
-0.005968948
-0.002755405
0.0001332199
0.00322173
0.005181834
0.004524021
0.003032822
0.001811401
0.002125504
0.006650003
0.01263255
0.01357326
0.008922696
0.005059369
0.006122641
0.008072358
0.01012025
0.01441892
0.01650708
0.01437303
0.01095043
0.0120049
0.01717255
0.01941243
0.01984473
0.01816236
0.01399293
0.01126071
0.009077347
0.008970851
0.01052293
0.0117762
0.01460174
0.0168348
0.01762583
0.01867504
0.01962212
0.01968616
0.01840794
0.01620678
0.01357994
0.01143919
0.008802023
0.004422485
0.001762188
0.004447793
0.01042686
0.01455425
0.01659843
0.01871853
0.01902252
0.01702878
0.01539143
0.01542116
0.01599428
0.01491477
0.01198255
0.008403499
0.006356576
0.008163922
0.01207711
0.01545059
0.01635394
0.01409405
0.01037442
0.004118469
-0.002733561
-0.005574117
-0.004709668
-0.001178147
0.002304016
0.005690512
0.009871507
0.008124409
0.001570419
-0.0007882468
0.000145586
0.0006197963
0.0009085142
0.002086563
0.00562828
0.008457836
0.01007891
0.01463602
0.01716132
0.01316565
0.005427411
-0.003177118
-0.006840776
-0.004387853
-0.0007228063
0.002706597
0.00360939
0.001043313
-0.002139857
-0.006427832
-0.01042979
-0.01173973
-0.01283983
-0.01379015
-0.01210788
-0.00669352
0.001475071
0.009353353
0.01573539
0.01980711
0.01808757
0.009865491
0.001494393
-0.000837386
0.002299527
0.005231867
0.004910946
0.004465585
0.004462166
0.003608183
0.00238546
0.0002336454
-0.001772084
-0.003265947
-0.00442229
-0.004020114
-0.002858067
-0.001941672
-0.002301711
-0.003479859
-0.002972784
-0.0004285157
0.003461452
0.007077262
0.008840485
0.008138006
0.005820214
0.005906436
0.009132694
0.01331679
0.01606468
0.01533654
0.01401392
0.01160017
0.00782837
0.00776983
0.009781428
0.01072251
0.008221431
0.003780495
0.005805574
0.01164641
0.01393611
0.01294502
0.009997761
0.007180595
0.006271333
0.007288965
0.009446244
0.01258544
0.01625317
0.01792115
0.01700119
0.0150531
0.01276752
0.01052017
0.009813141
0.01128424
0.01366576
0.01663412
0.01952547
0.02021243
0.01815467
0.01455876
0.01025816
0.006520442
0.004951673
0.004245818
0.002594737
0.001887252
0.001819437
-0.001889336
-0.006714107
-0.007465738
-0.007544489
-0.01044432
-0.01389953
-0.0153436
-0.01541141
-0.01690667
-0.0192768
-0.02000834
-0.01908699
-0.01699506
-0.01427869
-0.01269377
-0.01467403
-0.01947565
-0.02208037
-0.02209636
-0.02214978
-0.02020674
-0.01576682
-0.01192559
-0.01124291
-0.01257459
-0.01266309
-0.01248249
-0.01253626
-0.01222315
-0.01388203
-0.01580284
-0.01479852
-0.01416308
-0.01759325
-0.02282413
-0.02526198
-0.0239254
-0.02262277
-0.023299
-0.02349962
-0.02330958
-0.02396777
-0.02486788
-0.02547006
-0.02396132
-0.02088455
-0.01916568
-0.01938826
-0.01962238
-0.01683617
-0.012352
-0.01093817
-0.01381053
-0.01727084
-0.01728937
-0.01592467
-0.01557638
-0.01390815
-0.01240858
-0.01288601
-0.01190721
-0.009714777
-0.009383751
-0.01167555
-0.01541611
-0.01819196
-0.02037586
-0.02242305
-0.02276586
-0.02208624
-0.02065365
-0.01681605
-0.011519
-0.007262432
-0.005215674
-0.006131791
-0.008338064
-0.00940019
-0.009908754
-0.00965848
-0.007321602
-0.003360416
0.001004575
0.004283412
0.005731005
0.006037912
0.004523554
0.0002596761
-0.003822363
-0.004177661
-0.002327412
-0.002201219
-0.00361429
-0.003779591
-0.001312647
0.002937317
0.005016507
0.001994892
-0.004321261
-0.009948987
-0.01267913
-0.01380561
-0.01424125
-0.01322249
-0.01219735
-0.01162954
-0.009138765
-0.004718466
-0.0003088215
0.001756422
0.0002243626
-0.002829779
-0.004239385
-0.003424285
-0.004881829
-0.01082467
-0.01529014
-0.01363247
-0.008662106
-0.005547745
-0.005696504
-0.005691765
-0.004754525
-0.006881945
-0.01038606
-0.01173644
-0.01294808
-0.01334884
-0.01019958
-0.004267921
0.001166687
0.004630121
0.007074697
0.007252503
0.006480006
0.007776901
0.009887721
0.01250963
0.01426848
0.01309806
0.01194668
0.01084313
0.008302626
0.008400209
0.01296484
0.0191435
0.02334863
0.02280278
0.01921269
0.01536665
0.01102159
0.008206348
0.008769593
0.009207557
0.006380077
0.002316835
0.002179654
0.006446185
0.01078371
0.01509367
0.01981852
0.02167905
0.02203745
0.02416584
0.02445031
0.0211075
0.01806976
0.01540657
0.01168857
0.009883193
0.01331549
0.01965585
0.02295261
0.02150546
0.01698898
0.01134991
0.006915377
0.0048843
0.006657165
0.01053318
0.0115845
0.009946199
0.007791745
0.007317557
0.01162319
0.01695552
0.01797556
0.01607497
0.01352676
0.01156103
0.01207982
0.01378478
0.0126526
0.008640388
0.004672702
0.002246387
0.003756259
0.01008827
0.01496949
0.01336196
0.008876116
0.004449199
0.001527913
0.005086492
0.01472542
0.022354
0.02294008
0.01885997
0.01484819
0.01356568
0.0134079
0.01217042
0.01146874
0.01095037
0.009237135
0.007862013
0.007314615
0.007240799
0.005875814
0.002494645
0.0004948592
0.001581705
0.004337652
0.007499753
0.01019122
0.01044635
0.008171261
0.007193407
0.008513772
0.0102105
0.01171016
0.01175371
0.009399213
0.00504601
0.0003203053
-0.001759762
-0.0008974468
0.0009779986
0.002729489
0.003218159
0.00235412
0.001672143
0.002576903
0.003917429
0.002967273
0.0001096114
-0.002664647
-0.004728289
-0.005979273
-0.006927936
-0.007839599
-0.009301899
-0.01132851
-0.0120368
-0.01143445
-0.01031751
-0.007953168
-0.004141519
0.0003860408
0.002958203
0.0008996474
-0.00405638
-0.007851914
-0.007297137
-0.003118209
5.255134e-05
0.002632181
0.00614056
0.00601793
0.001985888
-0.001954085
-0.004666361
-0.006151557
-0.006944124
-0.006876268
-0.007304551
-0.01047852
-0.0133943
-0.0142527
-0.01419698
-0.0121784
-0.01016433
-0.009716328
-0.009936573
-0.0120887
-0.01430336
-0.01389657
-0.01209303
-0.01070205
-0.0103696
-0.009437612
-0.007654579
-0.007654857
-0.007718234
-0.003831897
0.002192107
0.006536755
0.008575938
0.008878742
0.007901186
0.005894648
0.004137309
0.004821356
0.006305154
0.005369278
0.003880392
0.004536448
0.006374458
0.007813224
0.008390966
0.008189786
0.007001313
0.004353054
0.0001924937
-0.004721232
-0.008572144
-0.009763971
-0.009044264
-0.007413123
-0.004097311
-4.857937e-05
0.001364826
-0.0009450842
-0.004146295
-0.00540864
-0.005339328
-0.007327367
-0.01147595
-0.01361209
-0.01277029
-0.01052397
-0.008152858
-0.006542717
-0.005436296
-0.005259336
-0.004665822
-0.003348528
-0.005041357
-0.008570881
-0.009923294
-0.009852078
-0.01005834
-0.01029213
-0.00951449
-0.008940334
-0.0106434
-0.01296516
-0.01372108
-0.01175628
-0.008286447
-0.008167445
-0.01214086
-0.01489727
-0.01196934
-0.005956056
-0.002098228
0.0004900138
0.001714239
-0.001364113
-0.004644475
-0.002699142
0.002129082
0.004902076
0.004295273
0.002559935
0.002364559
0.003432595
0.003721978
0.001265828
-0.003300165
-0.006622841
-0.008998252
-0.01170959
-0.01226945
-0.00843946
-0.00173579
0.001438081
-0.001433532
-0.005235178
-0.008855545
-0.01251248
-0.01259403
-0.009668617
-0.007976153
-0.009177596
-0.009913964
-0.008664339
-0.007491108
-0.004056693
0.001083527
0.002807606
0.0005346374
-0.001953277
-0.001374402
-0.0002635932
-0.0007658144
-0.001841482
-0.004113937
-0.006369178
-0.007411857
-0.008185773
-0.007476587
-0.003256793
0.002084515
0.003463173
-0.0005407006
-0.006706938
-0.01045968
-0.009981392
-0.006186766
-0.001829503
-0.0008985328
-0.004003386
-0.008138177
-0.00908232
-0.00621924
-0.00373339
-0.001067613
0.002694302
0.002607843
-0.0007027611
-0.001824747
0.0007387972
0.004095477
0.005188835
0.006445135
0.008583179
0.008291964
0.005585338
0.00214649
0.0005720974
0.001205489
0.001471192
0.0002036651
-0.003183968
-0.007020978
-0.008725367
-0.006583597
-0.001393122
0.001705763
0.001727693
0.001857561
0.001090556
-0.001808414
-0.004355051
-0.005282961
-0.005720356
-0.006800683
-0.007156399
-0.004909669
-0.003732613
-0.00456445
-0.003301689
-0.001158648
0.0004440464
0.002185136
0.00426605
0.006814765
0.00715205
0.006680585
0.00814899
0.008526748
0.008421582
0.00950603
0.01057135
0.01117899
0.008902553
0.005941977
0.006164896
0.006595068
0.006735032
0.008916949
0.01226189
0.01388493
0.01245808
0.01040456
0.009505498
0.009307417
0.008906887
0.007792153
0.005877165
0.003022292
0.0007066206
-0.0008514949
-0.003484352
-0.006263569
-0.008072007
-0.0091061
-0.008138657
-0.004180191
0.001797083
0.006177955
0.007094675
0.006783909
0.006038102
0.005457752
0.006073291
0.006639923
0.005772636
0.002799897
-0.0008069484
-0.002454552
-0.002010935
-0.0008557926
5.049276e-05
0.0003348429
0.0001263812
-0.001799295
-0.004933805
-0.00657045
-0.005959166
-0.004315586
-0.002569495
-0.0008790385
0.0006154151
0.001001829
0.0003773917
-0.0001511591
-0.0001511118
0.0006046835
0.001374885
0.00115736
0.001058705
0.001384371
0.001315519
0.002578163
0.005701277
0.00793037
0.007934071
0.006772309
0.005571121
0.005208565
0.005875873
0.006051259
0.00620766
0.007372608
0.005957254
0.001606238
-0.0003757009
0.001343238
0.004368882
0.006975896
0.008140481
0.008358365
0.007499297
0.004437165
0.001338313
0.0002139719
-0.00017642
0.0001138281
0.002120621
0.005185144
0.007908674
0.009882875
0.0105814
0.009788682
0.009481861
0.01030117
0.0101903
0.009480511
0.01056982
0.0122518
0.01188638
0.009923892
0.008641585
0.01104169
0.01689685
0.0205141
0.01842251
0.01434973
0.01321406
0.01456916
0.01615191
0.01730918
0.01620276
0.0139875
0.01388571
0.0122161
0.006288221
0.001252214
0.0005444271
0.003217827
0.007924154
0.01277197
0.01461656
0.01266954
0.01041339
0.009292342
0.008656387
0.01029016
0.01355353
0.01537593
0.01623727
0.01627545
0.01329867
0.008451293
0.00512873
0.004511259
0.004908326
0.005164591
0.005560143
0.003954809
0.0003348164
-0.00124294
-0.000178618
0.001036474
0.001481197
0.001529989
0.000692023
-0.0009017661
-0.001968347
-0.002451649
-0.002160786
-0.001273195
-0.001085993
-0.001779515
-0.002284027
-0.001683448
-0.001070853
-0.001226443
-0.001488094
-0.003163208
-0.005987637
-0.006946933
-0.006425097
-0.00624094
-0.006752049
-0.008674945
-0.01122183
-0.01313881
-0.01383774
-0.01244851
-0.01137541
-0.01265835
-0.01427011
-0.01534247
-0.01538543
-0.01421579
-0.01382647
-0.01456572
-0.01565571
-0.01633765
-0.01584483
-0.01517025
-0.0148381
-0.01465022
-0.01443936
-0.01379222
-0.01374184
-0.01437875
-0.01429152
-0.01324311
-0.01215124
-0.0114944
-0.01012115
-0.008398821
-0.007962201
-0.008614632
-0.009617545
-0.01005346
-0.009709552
-0.009301288
-0.008413007
-0.006926719
-0.007589557
-0.01238516
-0.01825153
-0.02173487
-0.02223848
-0.020226
-0.01786798
-0.01706406
-0.01706539
-0.01584796
-0.01279695
-0.009681995
-0.007139016
-0.005074947
-0.005069205
-0.007386076
-0.01006259
-0.01149171
-0.01135224
-0.01003895
-0.008749933
-0.007850605
-0.006658619
-0.005581562
-0.004714409
-0.002809003
0.0002372201
0.00109198
-0.001434322
-0.003910797
-0.005531919
-0.006545443
-0.005454691
-0.002306794
0.000591381
0.0008554921
-0.0002775256
-0.00115053
-0.002609906
-0.003485761
-0.002724496
-0.00191873
-0.00176595
-0.002550762
-0.003659671
-0.003434234
-0.001137628
0.002467193
0.004295288
0.00302104
-0.000351991
-0.004650484
-0.007116479
-0.006597045
-0.005390358
-0.004872715
-0.003242541
-0.0003504601
0.001724081
0.002560784
0.002117829
0.0008329511
-0.0007242431
-0.002176304
-0.002483127
-0.002250574
-0.002128808
-0.001944217
-0.00207438
-0.001314181
0.0005676339
0.002269546
0.004009741
0.005451402
0.006297707
0.006648262
0.006409947
0.005927795
0.005137239
0.005000269
0.006203624
0.008050192
0.009380089
0.008550092
0.006768433
0.006402205
0.006169917
0.00507006
0.004923532
0.005601959
0.004963798
0.00341962
0.003096716
0.003490352
0.003125915
0.002713495
0.002768807
0.003421424
0.00421895
0.003919752
0.003789319
0.005125212
0.006302328
0.00558742
0.004195286
0.004342888
0.005223414
0.005660536
0.005703142
0.004655192
0.002787798
0.001719668
0.001869657
0.001929479
0.00117981
0.0007055959
0.001352885
0.002149054
0.002355437
0.00259604
0.003494004
0.005178885
0.006661933
0.006714763
0.005350204
0.00377978
0.003184172
0.002946543
0.001922438
0.0008261707
0.0008358895
0.001063608
0.001174841
0.001889534
0.001909108
0.0007066345
-0.0003337609
-0.0005420908
-0.0004677013
-0.0002963879
0.0001135759
-0.0001481227
-0.00048891
0.0001483053
0.001235788
0.002461377
0.002923649
0.002292527
0.001806415
0.002270609
0.003462778
0.00465722
0.005636306
0.00596165
0.005498193
0.00579383
0.006647946
0.006771301
0.007466686
0.008841945
0.009278253
0.008983475
0.008699018
0.008248005
0.006952193
0.00558203
0.00530696
0.005527101
0.006256302
0.007216532
0.007047135
0.005891959
0.004403476
0.003422168
0.003364802
0.003059063
0.002153435
0.0007558979
-0.000513968
-0.000123386
0.0008328573
0.001065159
0.001349212
0.001468335
0.0015463
0.002146288
0.002846633
0.003403732
0.003003118
0.001711177
0.0009613253
0.0006680455
0.0005489074
0.000439886
-0.0002446785
-0.0009918449
-0.001658864
-0.002162614
-0.001877959
-0.001461943
-0.001251884
-0.0008547272
-0.0006983621
-0.00108022
-0.002041939
-0.003241944
-0.003567013
-0.002810659
-0.001776689
-0.001007401
-0.0007535867
-0.0008076327
-0.0009491419
-0.001323593
-0.002042725
-0.003197312
-0.004043695
-0.003883876
-0.00341546
-0.002898711
-0.001983223
-0.0009888372
-0.0005006438
-0.0005979025
-0.0006222654
-0.0002740005
3.590285e-05
0.0001047222
-0.0002205183
-0.0009857645
-0.001747634
-0.002042921
-0.001629516
-0.0009638801
-0.0005790192
-9.164033e-05
0.0004327465
0.0005292822
0.0002259212
-0.0001635475
-0.0001862674
-0.0001944345
-0.0004699738
-0.0005770993
-0.0005904739
-0.0006408399
-0.0006662137
-0.0006809063
-0.0007173949
-0.0007789369
-0.0008165622
-0.001026686
-0.001203673
-0.001086007
-0.001035216
-0.001109688
-0.001270059
-0.001554644
-0.001523144
-0.0009891225
-0.0004019472
-6.237878e-05
1.396577e-05
-0.0003561182
-0.001087503
-0.001651607
-0.00179258
-0.001542355
-0.001267269
-0.001360309
-0.001539154
-0.001599697
-0.001620463
-0.001558496
-0.001488009
-0.001435545
-0.001422365
-0.001417747
-0.001285847
-0.001078799
-0.0008827711
-0.0007645421
-0.000698272
-0.0006371314
-0.0007292429
-0.0008684341
-0.0008248807
-0.0007210168
-0.0007045492
-0.0007893969
-0.000885623
-0.0008856308
-0.000854517
-0.0008041143
-0.0006769782
-0.0005599529
-0.0005363028
-0.000602667
-0.0007535961
-0.0009273953
-0.0009736176
-0.0008214542
-0.0006039641
-0.0003916153
-0.0001521985
-3.822268e-05
-5.696249e-05
-9.228773e-05
-0.0002147347
-0.0002976054
-0.000203655
-3.939071e-05
7.776451e-05
9.105446e-05
9.705957e-05
0.0001394869
0.000181011
0.0002299913
0.000247645
0.0002288192
0.0001616334
4.567272e-05
-6.215094e-05
-0.0001270781
-0.000130111
-0.0001127967
-0.0001312578
-0.0001645416
-0.0001113466
4.420975e-05
0.0001538141
0.0001661232
0.0001159758
6.733094e-06
-7.675556e-05
-7.387604e-05
-2.566138e-05
1.52878e-05
3.427063e-05
7.355617e-05
0.0001137521
0.000111962
0.0001129233
0.0001223122
0.0001052681
6.253564e-05
2.196888e-05
1.898986e-05
2.875296e-05
1.762237e-05
3.132045e-06
-8.539067e-06
-2.6748e-05
-5.752922e-05
-8.372475e-05
-7.890381e-05
-5.745524e-05
-3.762041e-05
-3.210592e-05
-4.840251e-05
-6.704851e-05
-7.659813e-05
-6.53756e-05
-4.212497e-05
-4.045576e-05
-5.23254e-05
-6.208938e-05
-6.692645e-05
-5.953311e-05
-4.668338e-05
-3.687269e-05
-3.542863e-05
-3.861799e-05
-3.83607e-05
-3.971697e-05
-4.329876e-05
-4.284959e-05
-3.749828e-05
-3.162694e-05
-2.767643e-05
-2.423696e-05
-2.34478e-05
-2.437306e-05
-2.214583e-05
-1.757998e-05
-1.355255e-05
-1.065826e-05
-8.104278e-06
-4.68948e-06
2.504163e-07
5.669555e-06
9.345464e-06
1.158494e-05
1.314224e-05
1.265357e-05
1.145638e-05
1.151364e-05
1.209599e-05
1.373923e-05
1.66903e-05
1.893096e-05
1.933615e-05
1.884744e-05
1.873143e-05
1.880957e-05
1.887908e-05
1.920106e-05
1.930647e-05
1.903591e-05
1.869201e-05
1.87042e-05
1.934285e-05
2.006335e-05
2.05408e-05
2.093565e-05
2.130068e-05
2.167081e-05
2.20299e-05
2.241375e-05
2.28283e-05
2.329364e-05
2.390632e-05
2.457609e-05
2.520708e-05
2.582493e-05
2.644559e-05
2.707624e-05
2.770899e-05
2.833681e-05
2.897039e-05
2.961412e-05
3.026582e-05
3.092299e-05
3.158284e-05
3.224395e-05
3.290596e-05
3.356907e-05
3.423363e-05
3.489964e-05
3.556691e-05
