-0.0003311307
-0.0003272049
-0.0003207951
-0.000312343
-0.0003014907
-0.0002885328
-0.0002733237
-0.0002563526
-0.0002358703
-0.0002161866
-0.0002025543
-0.0001795244
-0.000156417
-0.0001455727
-0.0001205592
-9.718764e-05
-8.783712e-05
-7.048077e-05
-6.78393e-05
-4.455811e-05
-2.270319e-05
-3.132725e-05
-9.508184e-06
1.000541e-05
-8.158568e-06
1.018448e-05
2.650566e-05
-2.818235e-06
1.20055e-05
2.443767e-05
-1.389183e-05
-1.129611e-05
1.575336e-05
1.575165e-05
-3.595472e-05
-2.966376e-05
-2.546556e-05
-8.617203e-05
-9.182886e-05
-7.655245e-05
-7.041301e-05
-6.359083e-05
-5.600111e-05
-4.905725e-05
-4.328495e-05
-3.712791e-05
-3.140103e-05
-2.69603e-05
-2.218503e-05
-1.802912e-05
-1.476437e-05
-1.079827e-05
-6.744624e-06
-3.528933e-06
6.097045e-07
4.602189e-06
8.008922e-06
1.20439e-05
1.626083e-05
1.954841e-05
2.385005e-05
2.785373e-05
3.146496e-05
3.546645e-05
3.998119e-05
4.316988e-05
4.758143e-05
5.166613e-05
5.751209e-05
5.354851e-05
7.598158e-05
0.000151568
0.0001900367
0.000260555
0.0002911343
0.0003856759
0.0004802515
0.0005108397
0.0005833508
0.0006140352
0.0007095053
0.0008064928
0.0008267377
0.0009249608
0.001017555
0.001055286
0.001119037
0.001062092
0.001041026
0.001065606
0.001052212
0.0009751444
0.000972774
0.0009708448
0.0008909097
0.0008891198
0.0008864851
0.0008067596
0.0008047032
0.000802327
0.0007245668
0.0007137081
0.0007280612
0.0007309463
0.0007358915
0.0007410269
0.0007464332
0.0007520857
0.0007575435
0.0007624931
0.0007677938
0.0007729342
0.0007790722
0.0007841811
0.0007895136
0.0007947414
0.0008002262
0.0008039113
0.0008179796
0.0008069611
0.0007299998
0.0007274677
0.0007255094
0.0006466375
0.0006445403
0.0006415082
0.0005643203
0.0005513445
0.0005738475
0.0005609561
0.0004838996
0.0004818148
0.0004796303
0.0004014603
0.0003911988
0.0004048965
0.0004075383
0.0004128227
0.0004186778
0.0004233594
0.0004289213
0.0004344498
0.0004393091
0.0004448479
0.0004504827
0.0004553461
0.0004609936
0.0004665242
0.0004723752
0.0004793673
0.0004768493
0.0004982755
0.0005861642
0.0005993081
0.0006129246
0.0007012018
0.0007255773
0.0007141706
0.000737779
0.0008258742
0.0008395479
0.0008526369
0.000944084
0.0009581834
0.000971975
0.001060184
0.001084862
0.001073545
0.001098297
0.00118751
0.001201225
0.001214841
0.001306749
0.001320399
0.001334926
0.001426036
0.001440847
0.001454163
0.001544001
0.001568676
0.001557182
0.001585116
0.001671481
0.001587806
0.001400074
0.001292675
0.001215932
0.001102793
0.000929745
0.0008192437
0.0007326772
0.000641898
0.0005350394
0.0003577492
0.0002458474
0.0001664488
8.00712e-05
-0.0001973946
-9.551987e-05
0.0006288686
0.0004058446
0.0002270694
0.0002262534
0.0001867941
0.0001181763
0.000111487
0.0001108019
4.575633e-05
2.099699e-05
-5.576631e-05
-5.815486e-05
-6.557307e-05
-0.0001405088
-4.565094e-05
0.0001550631
0.0002736691
0.0003638681
0.0004877281
0.0006680404
0.0008054618
0.0008823857
0.0007016617
0.00041735
0.0001943344
-6.399118e-05
-0.0002961362
-0.0005545643
-0.0007844062
-0.001054419
-0.001262143
-0.001456447
-0.001758521
-0.001937893
-0.001758473
-0.001433471
-0.001150446
-0.0009193422
-0.0006468095
-0.0004155912
-0.0001213155
0.0001743546
0.0004047344
0.0006789633
0.0009112695
0.001209064
0.001498512
0.001747845
0.002001566
0.001948113
0.001844386
0.001841844
0.001755683
0.001675857
0.001648692
0.001593506
0.001780064
0.002080215
0.002315818
0.002586905
0.002829181
0.003112304
0.003330502
0.003538863
0.003854907
0.004040121
0.003880289
0.003669007
0.003478573
0.003301445
0.003189796
0.003013983
0.002815352
0.002613974
0.002452782
0.002209893
0.001566555
0.0008420369
0.0001570328
-0.000541176
-0.001218822
-0.001971011
-0.002581626
-0.002460117
-0.002218252
-0.002115388
-0.001927335
-0.001715348
-0.001516712
-0.001305387
-0.001117929
-0.0009941881
-0.0008067278
-0.0005948277
-0.0003936463
-0.0001793629
-1.362211e-05
0.0001776539
0.0002592637
-0.0005193177
-0.001488484
-0.002364098
-0.003230182
-0.004237288
-0.004861167
-0.003940893
-0.002724159
-0.001668725
-0.0005483382
0.0006390406
0.001766559
0.002858976
0.003935883
0.005271038
0.006162383
0.005100898
0.003662351
0.002417731
0.001156175
-0.0002448436
-0.001382404
-0.001127276
-0.0005466581
-0.0001547639
0.000342247
0.0008398873
0.001270625
0.00174123
0.002184238
0.002657334
0.003089173
0.003586489
0.004088901
0.004524778
0.004953168
0.005536956
0.005788739
0.004155508
0.002193263
0.0003572689
-0.001487515
-0.003570603
-0.005062133
-0.004041591
-0.002130459
-0.001066076
-0.002830338
-0.005325047
-0.007083708
-0.006854894
-0.006220378
-0.005719728
-0.005312287
-0.005718025
-0.006264183
-0.00679302
-0.007228944
-0.00709616
-0.006873136
-0.006770808
-0.006591216
-0.006384472
-0.006183315
-0.006004279
-0.00589298
-0.005657964
-0.005603299
-0.005167121
-0.002810652
-3.925337e-05
0.002535648
0.005328573
0.007674179
0.007836909
0.007505263
0.007452218
0.007264802
0.007086819
0.006980457
0.006754485
0.006717311
0.006363189
0.004030384
0.001444278
-0.00132199
-0.003550445
-0.00273677
-0.001399068
-0.0003677834
0.0008178237
0.001955341
0.003139046
0.004251092
0.005362499
0.006564862
0.007898807
0.009215861
0.01075548
0.01182459
0.01038491
0.008465118
0.006782765
0.005044072
0.003288269
0.001550758
-0.0002005662
-0.001948014
-0.003702207
-0.005438013
-0.00723822
-0.008942716
-0.01015262
-0.01179422
-0.0125368
-0.008699834
-0.003490895
0.0004555144
0.0009332812
0.0005777273
0.0008340334
0.002075637
0.003368062
0.005075427
0.005819613
0.001737063
-0.003424707
-0.007971333
-0.01141062
-0.0150855
-0.01798819
-0.01646128
-0.01401831
-0.01237225
-0.009753728
-0.003146342
0.004006633
0.01149302
0.01782801
0.01753796
0.01588754
0.01494835
0.01371735
0.01278296
0.01141754
0.007611672
0.003251018
-0.0008042472
-0.004906918
-0.008946959
-0.01328161
-0.01701055
-0.01768184
-0.01752015
-0.01774364
-0.02087824
-0.02262613
-0.01538973
-0.005785949
0.001632869
0.002693657
0.002379432
0.002684001
0.00284381
0.003056662
0.003245331
0.003470808
0.003647164
0.003780097
0.003961086
0.004179579
0.004373643
0.004592146
0.004774395
0.00490976
0.00508407
0.005211823
0.005303695
0.005417261
0.005515551
0.005624365
0.005732182
0.005849652
0.005853143
0.00624795
0.005879583
0.00180268
-0.003132299
-0.007392839
-0.01012561
-0.01234758
-0.01481337
-0.02044752
-0.02454954
-0.01817967
-0.00956983
-0.002526668
0.001961387
0.00596806
0.01010055
0.0144484
0.01976618
0.02633238
0.03082069
0.02536397
0.01792787
0.01157437
0.005062682
-0.002220581
-0.008018072
-0.006514334
-0.003789076
-0.001309693
0.0003852907
-0.002793186
-0.006790414
-0.01077008
-0.01410867
-0.01331232
-0.01164986
-0.01041999
-0.009078617
-0.007938703
-0.006871467
-0.005702215
-0.004499983
-0.003508991
-0.002313032
0.002429971
0.005944597
0.0005065802
-0.006783991
-0.01289399
-0.0178211
-0.02214033
-0.02754148
-0.03112487
-0.02632144
-0.01985397
-0.01425414
-0.008408239
-0.002512937
0.003410565
0.008972955
0.01557901
0.02027039
0.01582006
0.00952563
0.004147599
-0.001410674
-0.006313735
-0.01111373
-0.01566382
-0.02126047
-0.02485765
-0.01861227
-0.01035287
-0.003142262
0.00433965
0.01200893
0.01932448
0.02449501
0.03034779
0.03439348
0.02864313
0.02111153
0.01402599
0.007710521
0.00663347
0.006377505
0.005995674
0.007609239
0.00994277
0.01162218
0.01110957
0.01014508
0.009416995
0.00860293
0.007826038
0.007101378
0.00632631
0.005538683
0.004668997
0.00398314
0.004307025
0.004552774
0.005017165
0.007192534
0.009489776
0.01175624
0.01701302
0.02098743
0.01574078
0.008674826
0.002566903
-0.003610829
-0.01058396
-0.01599829
-0.01340728
-0.009210275
-0.005841384
-0.002128602
0.001686767
0.005411641
0.008843343
0.0134202
0.01588796
0.007945902
-0.002152308
-0.0112181
-0.02029425
-0.03041871
-0.03841324
-0.03620631
-0.03195407
-0.02868737
-0.02517691
-0.0217025
-0.01819095
-0.01480525
-0.01084566
-0.008112008
-0.01122864
-0.01578208
-0.01927013
-0.02068966
-0.02163401
-0.02288528
-0.02391948
-0.02427033
-0.0248592
-0.02485877
-0.02174714
-0.01804098
-0.01466415
-0.011239
-0.007746569
-0.00447871
-0.0004115683
0.002394488
-0.003644911
-0.009069333
-0.003257374
0.004216185
0.01116298
0.01743856
0.01901879
0.01965005
0.02067444
0.02160322
0.02491576
0.02648211
0.01767652
0.007117376
-0.003479412
-0.01214806
-0.009748595
-0.005113749
-0.001613327
0.002212759
0.006000968
0.009796049
0.01378107
0.01714383
0.0213174
0.03353461
0.04351298
0.03725888
0.02662283
0.008461165
-0.009105934
-0.01293297
-0.014368
-0.01705836
-0.01944121
-0.0217567
-0.02419024
-0.02662553
-0.02896619
-0.03135993
-0.03389758
-0.03593349
-0.03872811
-0.0480494
-0.05606591
-0.05129707
-0.04490442
-0.03849557
-0.02587391
-0.01083621
0.001299691
0.002377818
0.001224941
0.001256998
0.0007975865
0.0006629999
0.00202984
0.003347717
0.005144147
0.009987999
0.01531709
0.02052856
0.02551314
0.0311794
0.03991657
0.05040155
0.05860577
0.0567111
0.05279618
0.04990085
0.0466556
0.04332003
0.04056075
0.03675302
0.02777589
0.01741171
0.008049077
0.0009389777
-0.005592518
-0.01249305
-0.01927551
-0.02613122
-0.03297893
-0.03990789
-0.04613488
-0.05474435
-0.05866541
-0.03994226
-0.01535973
0.004658446
0.01434639
0.02244749
0.03058169
0.03257268
0.03362968
0.03466644
0.03745098
0.03657567
0.01759299
-0.005294602
-0.02556363
-0.04667706
-0.06402527
-0.06446995
-0.06142187
-0.05998036
-0.05830384
-0.0582444
-0.05777542
-0.05811008
-0.06652409
-0.07344255
-0.06513596
-0.05549697
-0.0448159
-0.02136265
0.004521515
0.02919987
0.05412206
0.07958565
0.1040907
0.1238989
0.1426414
0.1628669
0.1806333
0.1900213
0.1951071
0.1888974
0.1806622
0.1724404
0.1578179
0.14179
0.1271783
0.1108672
0.08657526
0.06155277
0.03584303
0.002292357
-0.03272885
-0.06714615
-0.1017411
-0.1358704
-0.1719045
-0.2043308
-0.2178063
-0.2293313
-0.2388778
-0.2347322
-0.2216918
-0.1873431
-0.142197
-0.07633347
-0.003331613
0.07914264
0.1626909
0.2207042
0.2378927
0.2243367
0.204683
0.1714269
0.1343891
0.09865715
0.06353429
0.02633152
-0.02040735
-0.07016306
-0.1184846
-0.1422314
-0.1323632
-0.1162747
-0.09347354
-0.06841077
-0.04245507
-0.02037435
-0.01526597
-0.01572806
-0.02826691
-0.04044083
-0.03452108
-0.02555506
-0.01829467
-0.01050677
-0.002693089
0.004538521
0.01373964
0.01915973
0.005262437
-0.01253077
-0.02849828
-0.04441489
-0.06159902
-0.08483321
-0.1089011
-0.133586
-0.1561936
-0.1668703
-0.1773991
-0.1845432
-0.1720586
-0.1523875
-0.1192782
-0.08293937
-0.04648856
-0.01311905
0.006151274
0.01963965
0.02174994
0.01933736
0.02111148
0.03680168
0.05522454
0.07244037
0.09113465
0.1099723
0.1284389
0.1481917
0.1650185
0.1708147
0.170446
0.1532275
0.1329722
0.1128129
0.08443165
0.05303949
0.0250761
0.01012554
-0.001720358
-0.01675463
-0.02784834
-0.02104974
-0.0108109
-0.001916076
0.006672024
0.01092665
0.01371784
0.01901604
0.02030061
0.00146114
-0.02136063
-0.04220102
-0.06278329
-0.08625412
-0.10419
-0.09390885
-0.07833624
-0.0646005
-0.05211275
-0.04931429
-0.05022877
-0.04693409
-0.02730954
-0.00406468
0.01643568
0.03957159
0.07320477
0.1096465
0.1449379
0.1608922
0.1500125
0.1318588
0.1008447
0.0632231
0.01681345
-0.03337716
-0.09281609
-0.1524563
-0.1801422
-0.1738796
-0.1643707
-0.1572103
-0.1488036
-0.1416813
-0.1319666
-0.112999
-0.08827432
-0.04796612
-0.004250414
0.04479463
0.0879184
0.09510224
0.09535389
0.09916542
0.1024239
0.1043823
0.1086018
0.1263433
0.145301
0.1456873
0.119578
0.07252494
0.02647231
-0.007322727
-0.0366183
-0.05654673
-0.0724297
-0.08224615
-0.09070491
-0.09904305
-0.1088489
-0.1268706
-0.1482957
-0.1658299
-0.1678811
-0.168176
-0.1688262
-0.1453882
-0.09444101
-0.04059199
0.01106787
0.06453639
0.1155735
0.1583226
0.1958984
0.2226278
0.2425465
0.2481165
0.247458
0.2361582
0.2218177
0.208204
0.1967748
0.1799016
0.1375466
0.08850855
0.03066287
-0.0263432
-0.06840126
-0.1035233
-0.1248322
-0.1387514
-0.1367496
-0.1306218
-0.1257684
-0.1226271
-0.1150443
-0.08535708
-0.05109412
-0.01365453
0.02118279
0.04034893
0.05172551
0.04976359
0.03726141
-0.003798354
-0.05170927
-0.1054221
-0.154897
-0.1724917
-0.1832709
-0.1940597
-0.2030987
-0.2129591
-0.2250706
-0.2391219
-0.2496895
-0.2492244
-0.2432549
-0.2106888
-0.1541373
-0.09442135
-0.03877426
-0.00331447
0.01930472
0.04181353
0.06469726
0.08776689
0.1098184
0.1289007
0.1469798
0.1479909
0.1241506
0.09707829
0.07220548
0.04552283
0.02138434
0.006953637
-0.002869153
-0.001876761
0.002972784
0.004813853
-0.004778535
-0.01306898
-0.007947148
0.003488206
0.03278464
0.06652306
0.09812065
0.1281651
0.1600333
0.1877142
0.198488
0.2018309
0.1885957
0.1708209
0.1560613
0.1379902
0.1120297
0.07882172
0.02219756
-0.04117661
-0.1003473
-0.1356596
-0.1314787
-0.1011819
-0.06979867
-0.0383615
0.0007230005
0.04122648
0.08100149
0.1211062
0.1604434
0.2026731
0.2390137
0.2498336
0.250948
0.2408503
0.2201356
0.1699514
0.1134812
0.05817314
0.005747931
-0.02667407
-0.05758087
-0.08594277
-0.09097378
-0.09136815
-0.09377254
-0.0991753
-0.09976516
-0.07828068
-0.04958358
-0.01118119
0.03224936
0.07006288
0.09464035
0.1090067
0.09090225
0.06527992
0.04340114
0.02022706
-0.003974843
-0.0283806
-0.05269305
-0.07711651
-0.10162
-0.1267317
-0.1525292
-0.1770761
-0.1985737
-0.2162738
-0.2226254
-0.2227281
-0.2120515
-0.1957395
-0.1530771
-0.08346598
-0.01191816
0.05827641
0.1284264
0.2002302
0.2704035
0.3149057
0.3316715
0.3454317
0.3438137
0.3184238
0.2881152
0.2635096
0.2573451
0.2567003
0.2507704
0.2322451
0.2084715
0.1746696
0.1380397
0.1030462
0.06622749
0.03175606
0.01098306
-0.007487324
-0.04261527
-0.09876388
-0.1597897
-0.2163323
-0.2436108
-0.2461362
-0.2438796
-0.2307889
-0.2115467
-0.1797179
-0.1446842
-0.1111978
-0.07712661
-0.04309773
-0.008995936
0.02440569
0.06051723
0.09128252
0.09920391
0.09881167
0.0879284
0.06943353
0.03551514
-0.003274468
-0.05019228
-0.09434597
-0.1122168
-0.1275896
-0.1408053
-0.1337587
-0.1192923
-0.09155325
-0.06099836
-0.030181
0.0102871
0.05205733
0.09469486
0.1342763
0.1570969
0.1755618
0.1981178
0.2176159
0.196611
0.1302616
0.05971932
-0.008339691
-0.07866536
-0.151051
-0.2209829
-0.263152
-0.2644372
-0.2382342
-0.2099512
-0.1830745
-0.1553339
-0.1285451
-0.09991995
-0.06158117
-0.0218933
0.01925463
0.05512062
0.07127552
0.07551612
0.04864726
0.01276926
-0.03038514
-0.07318006
-0.0979765
-0.1220687
-0.1427241
-0.1430061
-0.134155
-0.1044232
-0.06975313
-0.03666591
0.0003627428
0.04026302
0.07515248
0.09013668
0.09816291
0.09413484
0.08672026
0.0801576
0.0752163
0.06674455
0.03823999
0.007312962
-0.01161977
-0.03186383
-0.06592696
-0.1019814
-0.1376516
-0.1718681
-0.1997046
-0.2228675
-0.2353939
-0.2413507
-0.2298986
-0.2155489
-0.2008257
-0.1738293
-0.1442384
-0.1162745
-0.09037175
-0.06364679
-0.03932169
-0.02387343
-0.01380247
-0.01812995
-0.02673898
-0.03755369
-0.05026484
-0.06138716
-0.06622419
-0.06985086
-0.07369815
-0.07897099
-0.08068196
-0.06939443
-0.05139105
-0.01695136
0.02236875
0.05750728
0.0974808
0.1603262
0.2285597
0.2790525
0.3056823
0.3241015
0.328393
0.326011
0.3006461
0.2431314
0.1938687
0.1976134
0.1827921
0.09907301
0.01674821
-0.01138581
-0.03478466
-0.07836571
-0.1258428
-0.1684621
-0.1798164
-0.165399
-0.1488067
-0.1363174
-0.1180242
-0.07395887
-0.02368962
0.0216232
0.05880967
0.0932493
0.1103077
0.09274578
0.04849574
0.00516468
-0.02298286
-0.04861243
-0.07678059
-0.1022804
-0.1165279
-0.1281731
-0.1421926
-0.152914
-0.1547874
-0.1486391
-0.1201701
-0.08192809
-0.02510146
0.0362606
0.09764257
0.1551502
0.1927086
0.2239356
0.2453087
0.2629846
0.2836914
0.3028061
0.2832376
0.213145
0.1370986
0.06472181
-0.009097982
-0.08220784
-0.1573907
-0.2288789
-0.273729
-0.2862394
-0.2625966
-0.2200146
-0.1812157
-0.1599087
-0.1413516
-0.1218635
-0.1022461
-0.06532035
-0.006267345
0.05644798
0.116834
0.1570083
0.169824
0.1794957
0.1905553
0.2026227
0.2131004
0.1897248
0.1259964
0.0559464
-0.007761502
-0.05433457
-0.09633074
-0.1462285
-0.1899959
-0.1766994
-0.1092869
-0.02199696
0.06139742
0.1286096
0.1904211
0.2232027
0.2242644
0.2227838
0.2232934
0.2226573
0.223553
0.2218057
0.2053126
0.1881202
0.1695092
0.1200765
0.04164757
-0.03542252
-0.1000318
-0.1617817
-0.1962946
-0.1946033
-0.1890897
-0.1855242
-0.1823569
-0.1849625
-0.1879707
-0.1925526
-0.1942484
-0.1630171
-0.1014094
-0.03569048
0.02444924
0.06690122
0.1053487
0.1351363
0.1419179
0.1282306
0.1179521
0.1320648
0.1516067
0.1677724
0.1643252
0.1357761
0.1051305
0.07384968
0.04650623
0.0418239
0.04151937
0.03928124
0.04016715
0.04158364
0.04254877
0.04392944
0.04746395
0.05216795
0.05525167
0.05025152
0.0468698
0.03780384
0.0004894612
-0.04613831
-0.1070057
-0.171685
-0.2360742
-0.2984291
-0.339588
-0.3464593
-0.3183594
-0.2824137
-0.2344382
-0.1826125
-0.1323915
-0.08183278
-0.03014974
0.01742669
0.07114309
0.1623451
0.259041
0.3159401
0.3297267
0.3352354
0.3374833
0.3339431
0.274926
0.1852727
0.1913978
0.2634314
0.2986946
0.2810298
0.216091
0.1012733
-0.03244906
-0.1324518
-0.1905978
-0.2196054
-0.221219
-0.2177482
-0.2209659
-0.2138443
-0.1801087
-0.1905238
-0.2423001
-0.2700754
-0.2558652
-0.1833384
-0.07254857
0.01328324
0.0481336
0.03454663
-0.01756372
-0.0690442
-0.09721792
-0.1214071
-0.1498883
-0.1730524
-0.1797228
-0.1772824
-0.1525506
-0.1211244
-0.08357988
-0.04669324
-0.02577667
-0.006553814
0.01155764
0.0234809
0.02833172
0.007905905
-0.0180359
-0.04150661
-0.06492118
-0.08968548
-0.1255787
-0.1620764
-0.1731355
-0.1543933
-0.1343904
-0.1131151
-0.07525292
-0.03403309
0.005402146
0.04557503
0.08580074
0.1280589
0.1662786
0.1894937
0.20521
0.209518
0.2041232
0.1758442
0.1377294
0.08328343
0.02205068
-0.03338349
-0.0722866
-0.1061282
-0.1377357
-0.1668185
-0.1808887
-0.1738822
-0.1681422
-0.1816889
-0.1958301
-0.196259
-0.1947904
-0.194533
-0.194681
-0.1924416
-0.1939087
-0.2208462
-0.2466998
-0.2419041
-0.2315734
-0.2256847
-0.2175948
-0.1839505
-0.1241371
-0.06270381
-0.00152506
0.06735829
0.136998
0.2085087
0.2747701
0.3201049
0.3549754
0.3682012
0.3709717
0.3583984
0.3412314
0.2932929
0.1776564
0.06818882
0.1042653
0.2290699
0.2548673
0.1831517
0.1548282
0.2089582
0.2649094
0.2967317
0.3251646
0.2797228
0.09481332
-0.1414163
-0.2872025
-0.3183988
-0.3114858
-0.3099012
-0.3013431
-0.2611732
-0.2090875
-0.1529924
-0.1289567
-0.1031303
-0.02019346
0.06699267
0.1110648
0.131525
0.1512029
0.1723097
0.201637
0.229014
0.22644
0.2023849
0.1768027
0.1552238
0.1274963
0.06901693
0.007136455
-0.03845791
-0.08274715
-0.1264046
-0.1705192
-0.2075985
-0.1912324
-0.1290096
-0.07203423
-0.05064845
-0.03476734
-0.01673231
0.002847969
0.03564508
0.07102597
0.1053626
0.1399286
0.1726214
0.2063045
0.2394718
0.243492
0.204305
0.1644162
0.1497951
0.1384224
0.1249091
0.1116398
0.09925434
0.08392946
0.05493783
0.02305025
-0.006548437
-0.0390717
-0.06792942
-0.06246587
-0.02680556
0.006986858
0.02282273
0.03599242
0.05009255
0.06629134
0.07742116
0.06321669
0.04256486
0.02753025
0.02364167
0.02498767
0.03748396
0.05346788
0.06703392
0.0756293
0.08306378
0.09123809
0.09994302
0.1097711
0.1177669
0.1161221
0.1143223
0.1101954
0.09037671
0.06568682
0.04592607
0.0415248
0.04040283
0.03702276
0.03612987
0.03144236
0.008779793
-0.01762311
-0.04127424
-0.06855789
-0.08962297
-0.08333029
-0.0684687
-0.04324035
-0.01437742
0.01309944
0.0407162
0.06862954
0.09715507
0.1100712
0.09572644
0.07736663
0.06141225
0.04429358
0.02837622
0.01036639
-0.01898146
-0.04883847
-0.08132461
-0.1305886
-0.1865142
-0.2475374
-0.2787233
-0.2671113
-0.255662
-0.2515625
-0.2139573
-0.1827731
-0.2043543
-0.1865546
-0.09563563
-0.008997087
0.02462309
0.04938643
0.08117071
0.1086593
0.1061344
0.07588981
0.04462625
0.01367524
-0.02670675
-0.0651233
-0.0899914
-0.1082729
-0.1086415
-0.1035084
-0.1016992
-0.1207756
-0.1632097
-0.2098745
-0.2507851
-0.2770692
-0.2951414
-0.292107
-0.2832693
-0.2791329
-0.2700819
-0.2391649
-0.2036827
-0.1755911
-0.1430227
-0.08591279
-0.02489088
0.01353649
0.01560157
-0.009363713
-0.03378069
-0.04535314
-0.05657631
-0.06565653
-0.06295706
-0.05405585
-0.02450556
0.006428505
0.02007127
0.03125605
0.04434646
0.05583142
0.06930276
0.09513587
0.1213241
0.1368391
0.1501617
0.165081
0.187704
0.2069162
0.2047653
0.196734
0.1790605
0.1596274
0.1549255
0.1730691
0.1752274
0.1310573
0.158762
0.2125678
0.1383665
-0.03377915
-0.157078
-0.183869
-0.1731755
-0.1676752
-0.1882279
-0.2064558
-0.1962999
-0.1768358
-0.1384865
-0.09535061
-0.05306801
-0.01310233
0.01489515
0.03750761
0.05106587
0.05952034
0.05620122
0.05226764
0.04621401
0.009507137
-0.05010365
-0.1134972
-0.1702485
-0.2037907
-0.2302518
-0.2479232
-0.2627152
-0.2816513
-0.2628829
-0.1493109
-0.003223712
0.09614029
0.1683211
0.236208
0.2852295
0.3240893
0.3562939
0.3731846
0.3227656
0.2687752
0.2675998
0.2756175
0.2936756
0.3118281
0.3028712
0.278879
0.258754
0.2359721
0.1525318
-0.005033741
-0.1337638
-0.1549292
-0.1134507
-0.07370855
-0.05745505
-0.03705016
0.01773636
0.07791689
0.1371562
0.192096
0.2280252
0.2549924
0.2492878
0.2173989
0.1885286
0.1763766
0.1666268
0.1559315
0.1445439
0.1273365
0.1120618
0.101645
0.09167526
0.08136874
0.07083481
0.06128138
0.04982996
0.02959602
0.007483538
-0.01371366
-0.03501972
-0.05641166
-0.07897561
-0.08525315
-0.05990035
-0.02653337
-0.00200904
-0.00404382
-0.01366233
-0.0289848
-0.04704142
-0.06364601
-0.08219884
-0.09745287
-0.09702081
-0.09185645
-0.09113056
-0.1028895
-0.1170339
-0.1309011
-0.1431609
-0.1447817
-0.145013
-0.1448985
-0.1375665
-0.129556
-0.1208349
-0.1039252
-0.08523742
-0.06833146
-0.04968176
-0.01883709
0.009475925
0.01864505
0.02062788
0.007037211
-0.0110848
-0.02701133
-0.03827704
-0.05134347
-0.07806745
-0.1070023
-0.1353819
-0.1627823
-0.183104
-0.2014729
-0.2223016
-0.2395359
-0.241841
-0.2397692
-0.2292409
-0.2197754
-0.2275447
-0.2382444
-0.2473341
-0.2568924
-0.2655334
-0.2753512
-0.2864006
-0.2606734
-0.1944182
-0.1959771
-0.2610304
-0.2871019
-0.282001
-0.2810763
-0.2935403
-0.3066999
-0.301935
-0.2267739
-0.03066402
0.1882306
0.2887571
0.2809608
0.2671946
0.2679152
0.2684997
0.2665761
0.2500806
0.198324
0.1012441
0.05865111
0.1369928
0.1967976
0.1986652
0.2212997
0.1751339
-0.03133101
-0.2676204
-0.3721073
-0.3514355
-0.2948489
-0.2317644
-0.1293783
-0.02235338
0.04758768
0.09510248
0.1373117
0.165419
0.1846426
0.1820411
0.1729448
0.1695843
0.1614722
0.1035254
0.009522254
-0.0510798
-0.07815137
-0.1077998
-0.1537883
-0.203498
-0.2524407
-0.2542441
-0.1746463
-0.08947184
-0.03732283
0.01188573
0.06262468
0.1107508
0.1548893
0.1820392
0.2078379
0.2302422
0.2362228
0.2311217
0.1874581
0.1361133
0.121043
0.1674034
0.2297507
0.2283003
0.2036125
0.2272376
0.2785072
0.3052555
0.2953647
0.2461836
0.2000494
0.2030711
0.2088882
0.1801696
0.1477342
0.1535049
0.2157685
0.2779436
0.2657107
0.2035054
0.1808373
0.2135221
0.2452289
0.250098
0.2495056
0.241591
0.2332645
0.2215306
0.1872654
0.1482909
0.1120565
0.07837105
0.04528841
0.01193021
-0.02149668
-0.05444935
-0.08917862
-0.1202784
-0.1366931
-0.1467242
-0.1459062
-0.1391176
-0.1200079
-0.09812859
-0.0764079
-0.05695351
-0.04940218
-0.04622256
-0.05172035
-0.05921075
-0.06693411
-0.07247041
-0.06705805
-0.05780175
-0.0527793
-0.06090044
-0.07364735
-0.092984
-0.1156969
-0.1351851
-0.1435298
-0.149378
-0.1571199
-0.1631003
-0.1625014
-0.1604489
-0.1592578
-0.1575449
-0.1566801
-0.1541555
-0.1437102
-0.1307289
-0.1202469
-0.1177725
-0.1172207
-0.1152547
-0.1146665
-0.1194975
-0.1265722
-0.1309851
-0.1253008
-0.1174693
-0.1111519
-0.1036342
-0.09199091
-0.0799011
-0.06686468
-0.05662579
-0.05830526
-0.06500798
-0.08183957
-0.1020629
-0.1197757
-0.1311484
-0.1410968
-0.1518445
-0.1623509
-0.1728601
-0.1833803
-0.1940621
-0.2042463
-0.2155249
-0.2317112
-0.2488614
-0.2659489
-0.2822979
-0.2946222
-0.307954
-0.3063659
-0.2543797
-0.1620899
-0.07385508
-0.02162612
0.02841467
0.1055474
0.1828098
0.2207529
0.2229387
0.224033
0.2249429
0.2019039
0.1583712
0.1115943
0.06962237
0.0461851
0.02709334
0.00492245
-0.0159177
-0.01153828
0.02470616
0.06607268
0.1113425
0.1601891
0.2052154
0.2397073
0.2679457
0.2787332
0.2844285
0.2945019
0.3013965
0.2716144
0.2140066
0.1764168
0.1372406
0.1083371
0.1550385
0.2084306
0.2193101
0.2224566
0.2168737
0.2075881
0.2002957
0.1903006
0.1846465
0.2047147
0.2279738
0.2326297
0.2405994
0.2804989
0.3205435
0.3386234
0.3485655
0.3259404
0.2765435
0.1982319
0.07381743
-0.05697456
-0.1467886
-0.1736816
-0.1699052
-0.1717423
-0.1764653
-0.1594693
-0.1664597
-0.2170737
-0.2619567
-0.2622197
-0.2566746
-0.2387657
-0.17676
-0.1149871
-0.09345313
-0.07728558
-0.03436849
0.04723037
0.122332
0.140904
0.1484242
0.1655803
0.1729821
0.1414644
0.1004692
0.0559157
0.008464182
-0.0377782
-0.08537756
-0.1308314
-0.1663281
-0.1991065
-0.2349626
-0.2668822
-0.2806806
-0.2908337
-0.3025383
-0.3146312
-0.3262132
-0.3140065
-0.271509
-0.2213473
-0.1550923
-0.08464517
-0.01430608
0.05265821
0.1042486
0.1486675
0.180366
0.2045111
0.2110231
0.2132488
0.2172441
0.221544
0.2245248
0.2190105
0.2132046
0.2072258
0.1743356
0.1034929
0.03167592
-0.02089446
-0.06937159
-0.1232388
-0.1838038
-0.2145601
-0.2093078
-0.20263
-0.1951201
-0.1712339
-0.1443612
-0.1188444
-0.0919104
-0.06326871
-0.03807629
-0.02436331
-0.01746016
-0.02982429
-0.04652375
-0.06203682
-0.0762747
-0.08138786
-0.08447353
-0.08935079
-0.09234493
-0.08637955
-0.07890709
-0.07142326
-0.0657568
-0.06753612
-0.0734877
-0.09055226
-0.1114836
-0.1290322
-0.135231
-0.1401137
-0.1439438
-0.1391396
-0.1298965
-0.1100483
-0.08560809
-0.06658792
-0.06495749
-0.06987988
-0.08633358
-0.1072792
-0.1245139
-0.1298586
-0.1344867
-0.1362874
-0.1236801
-0.1028916
-0.05896491
-0.009510149
0.03749121
0.08462742
0.133741
0.179134
0.2048877
0.2281724
0.2515031
0.2618918
0.2729846
0.2939538
0.2843597
0.2415145
0.2359245
0.2661774
0.2885303
0.2746334
0.2545626
0.226723
0.205147
0.2372013
0.2777437
0.2538087
0.1263636
-0.02762256
-0.0947399
-0.09029382
-0.08608571
-0.1062119
-0.1238738
-0.116186
-0.1047019
-0.09472601
-0.08553707
-0.08292993
-0.08315444
-0.07947053
-0.06592944
-0.04550829
-0.004885396
0.04055302
0.08321286
0.128521
0.1695598
0.1942238
0.211498
0.2125533
0.2106148
0.2083534
0.1937711
0.1781951
0.1614428
0.1331347
0.1026901
0.07328923
0.03993679
0.007998887
-0.01418525
-0.03453243
-0.05601385
-0.0767821
-0.09914125
-0.1178901
-0.1239393
-0.1227599
-0.1023849
-0.07776241
-0.0537477
-0.03243187
-0.02612521
-0.02431812
-0.02799435
-0.03515606
-0.03860109
-0.02621121
-0.01202916
0.003392348
0.02955768
0.06085581
0.1037178
0.1514486
0.1941028
0.222427
0.2434318
0.2517553
0.2513875
0.234081
0.2070384
0.1592196
0.105106
0.04521292
-0.009582575
-0.05357841
-0.109416
-0.1231187
-0.1450951
-0.2213022
-0.246626
-0.2589835
-0.2535625
-0.1805418
-0.1321235
-0.1106556
-0.04919742
0.01580876
0.05230812
0.08229972
0.1012107
0.1174947
0.1334202
0.1398014
0.143618
0.1501558
0.1545135
0.1266272
0.0625766
-0.006668541
-0.07071684
-0.1214066
-0.1695565
-0.2197988
-0.2553332
-0.2642687
-0.2703781
-0.2768498
-0.2730958
-0.2669429
-0.264075
-0.2562384
-0.22812
-0.1930302
-0.146979
-0.09672416
-0.04947753
-0.01078077
0.02735767
0.06429139
0.09053984
0.1144774
0.1406556
0.1639298
0.1780032
0.1859952
0.1791397
0.1653011
0.137433
0.1061734
0.07542193
0.04666589
0.02738602
0.01254473
0.008266417
0.006513347
0.003339169
0.001583917
-0.002389631
-0.01701568
-0.03333527
-0.04931195
-0.07007606
-0.09171533
-0.1128843
-0.1337287
-0.1563066
-0.1756583
-0.1786413
-0.1792214
-0.1797596
-0.1709984
-0.161835
-0.1511366
-0.1283846
-0.1030264
-0.07938937
-0.05443375
-0.02538797
0.006010994
0.03373177
0.04855241
0.05783697
0.05481567
0.0496442
0.043873
0.02894587
0.01098109
-0.01314686
-0.03760388
-0.05496075
-0.07156307
-0.0877928
-0.1039447
-0.1150613
-0.106408
-0.09082964
-0.06450474
-0.03488912
-0.006632482
0.02205902
0.05040518
0.07988358
0.1073102
0.125183
0.1411266
0.1579036
0.1742448
0.1954486
0.2118241
0.2093494
0.1961023
0.1526196
0.1021887
0.05403644
0.007532463
-0.03008216
-0.06168868
-0.07834218
-0.08814342
-0.08404791
-0.07764826
-0.07027654
-0.05108727
-0.02815081
0.0006360997
0.03072554
0.06196266
0.08914874
0.1006579
0.104249
0.08760537
0.06641927
0.04601946
0.02810742
0.02343423
0.02356183
0.03214076
0.0442946
0.0531299
0.05073912
0.04646714
0.04208676
0.03975511
0.04904029
0.06067453
0.0706038
0.08281984
0.09097163
0.08157736
0.06600292
0.04093129
0.01182473
-0.01389522
-0.02912221
-0.04229746
-0.05577272
-0.07057955
-0.0940611
-0.1191194
-0.1434203
-0.1674296
-0.1936776
-0.2149753
-0.2169995
-0.2117568
-0.181628
-0.1292784
-0.07464539
-0.02361265
0.01417965
0.05004873
0.08595373
0.1152012
0.1425543
0.1727237
0.1988458
0.205385
0.208167
0.2138507
0.2059068
0.1732597
0.1351036
0.08822332
0.04173829
0.01222867
-0.0156736
-0.04279424
-0.05766704
-0.07011492
-0.08389338
-0.09729989
-0.1108703
-0.1238644
-0.1368566
-0.1470702
-0.1453848
-0.141229
-0.1382164
-0.1344429
-0.1337267
-0.1287757
-0.1020693
-0.0709541
-0.04200956
-0.0127534
0.01775796
0.04570396
0.06233894
0.07546221
0.08383275
0.09221998
0.09841392
0.08943596
0.07962075
0.06747701
0.03587955
0.0003368634
-0.0328332
-0.06789437
-0.09981979
-0.1213644
-0.1357776
-0.129029
-0.1164477
-0.1080271
-0.107994
-0.1093882
-0.1113185
-0.1106026
-0.0945747
-0.07526994
-0.05798841
-0.04357847
-0.02939518
-0.01570859
-0.005811591
0.002098393
0.0126731
0.0340437
0.05758997
0.07955794
0.1037186
0.124114
0.1270051
0.1248935
0.1178166
0.1088866
0.1002857
0.09247551
0.08791795
0.08553261
0.08975706
0.09712685
0.1005668
0.09033628
0.07567039
0.05484468
0.0321632
0.009874784
-0.01199785
-0.03037439
-0.04816539
-0.06633498
-0.08423534
-0.1028495
-0.1201876
-0.1306822
-0.1404331
-0.1501806
-0.1484184
-0.1240959
-0.07818716
-0.0305969
0.01794909
0.06202653
0.0851819
0.1000214
0.0985911
0.09278139
0.08922098
0.08408339
0.08084161
0.08886643
0.09807968
0.09613386
0.08401701
0.06876066
0.05232731
0.03816095
0.03508056
0.03583159
0.03220167
0.01560847
-0.006103185
-0.03695808
-0.07156128
-0.1021462
-0.1230686
-0.1397463
-0.1306346
-0.09301171
-0.05119929
-0.01448885
0.006941633
0.02503559
0.0449436
0.06392953
0.08399152
0.1087256
0.1362948
0.1596787
0.1692375
0.1714036
0.1616077
0.1415825
0.09121085
0.03440265
-0.02088412
-0.07335283
-0.1105656
-0.1406236
-0.1578178
-0.167707
-0.1609163
-0.1498366
-0.1412674
-0.1310329
-0.115256
-0.09891871
-0.08203283
-0.0589938
-0.03507937
-0.01065351
0.01189763
0.02405281
0.03494552
0.04536417
0.04709031
0.04835272
0.04812589
0.03623579
0.0219753
0.008885374
-0.00444068
-0.01787999
-0.03130845
-0.04477207
-0.05767163
-0.07133127
-0.08155542
-0.0754159
-0.06649308
-0.05818343
-0.04389101
-0.02870005
-0.01311799
0.0008399361
0.006072882
0.01049062
0.01398755
0.008242437
0.001894108
-0.005671192
-0.02437668
-0.04476038
-0.06477162
-0.09147668
-0.116965
-0.1295821
-0.1415745
-0.1514142
-0.1480586
-0.1383682
-0.1131291
-0.08397598
-0.05701504
-0.02851944
0.004475582
0.04008963
0.07206758
0.08817205
0.1022835
0.1153579
0.119293
0.1175972
0.09919076
0.07676702
0.05662261
0.03509831
0.009413015
-0.01725772
-0.04271502
-0.06952628
-0.09235541
-0.09588829
-0.09526364
-0.09729353
-0.0977064
-0.09283963
-0.08690876
-0.08161209
-0.07615531
-0.07043151
-0.06558458
-0.05893965
-0.04310047
-0.02573501
-0.008439572
0.007604595
0.01616972
0.02204943
0.0309117
0.05089617
0.07318856
0.09433857
0.1152647
0.1383006
0.1567657
0.1574472
0.1495503
0.1206139
0.08654737
0.05476455
0.02234121
-0.01014477
-0.04204492
-0.07616111
-0.1055713
-0.1157411
-0.1172918
-0.1028362
-0.08060835
-0.04414195
-0.003890023
0.03475163
0.073503
0.1135654
0.1506511
0.1762392
0.1954038
0.2003645
0.198765
0.1850692
0.1681257
0.1527413
0.1366457
0.1192091
0.1014878
0.08343021
0.06693112
0.04724907
0.01097152
-0.02818335
-0.06703976
-0.1033791
-0.1280264
-0.1467036
-0.1530298
-0.1533327
-0.1416426
-0.1270535
-0.113024
-0.09877952
-0.08063469
-0.04668069
-0.007870947
0.03597192
0.08408699
0.1265285
0.1505864
0.1656449
0.1605657
0.1485879
0.1312276
0.1115301
0.09267279
0.07363808
0.05443473
0.03568274
0.02018339
0.005238508
-0.0097505
-0.02567992
-0.03934862
-0.04432148
-0.04537059
-0.0382267
-0.02913126
-0.0205817
-0.01250039
-0.008960666
-0.006366767
-0.002912577
-3.855879e-05
-0.004079394
-0.00569326
0.008145355
0.02683291
0.05209528
0.08084108
0.1056846
0.1203568
0.1285942
0.1183715
0.1040944
0.09111518
0.07890383
0.0731033
0.06994439
0.06346244
0.04572171
0.02412104
-0.002672601
-0.03317606
-0.05899587
-0.06692234
-0.06943087
-0.06645765
-0.05996399
-0.05688467
-0.06636281
-0.07826448
-0.0888031
-0.1039273
-0.116561
-0.1137156
-0.1077534
-0.1034901
-0.09877434
-0.09406559
-0.08907505
-0.08495612
-0.07930544
-0.06604239
-0.05118057
-0.03703691
-0.02301913
-0.007920585
0.005075289
0.007360056
0.007560907
0.00896954
0.009431265
0.01113702
0.01886878
0.02751249
0.03681885
0.04330648
0.03798738
0.02727063
0.004067247
-0.02228311
-0.04728809
-0.07220432
-0.09835602
-0.1224737
-0.1301082
-0.1130842
-0.070811
-0.02492594
0.01858981
0.0640898
0.1067241
0.1397011
0.1656505
0.1747896
0.1756837
0.15985
0.1402469
0.1214991
0.09580378
0.06994103
0.0427778
0.006907807
-0.03201253
-0.06736853
-0.09386994
-0.1152774
-0.1231215
-0.1286955
-0.1339275
-0.1281145
-0.1220127
-0.1138507
-0.08988736
-0.06307116
-0.03755935
-0.006437138
0.02245707
0.03870694
0.05039684
0.05373717
0.05461793
0.05653517
0.05790626
0.06043052
0.06089804
0.05123976
0.04040387
0.02886369
0.00793958
-0.01584675
-0.0367452
-0.04754711
-0.05754399
-0.06585683
-0.06416939
-0.05756269
-0.03889968
-0.01729511
0.002738056
0.0240684
0.04367621
0.05423842
0.06444853
0.07250753
0.06684131
0.05617508
0.03607434
0.0136292
-0.008753069
-0.02899733
-0.04105753
-0.04782472
-0.0391218
-0.02734988
-0.0163185
0.0004201936
0.01784805
0.03545608
0.05612844
0.0791664
0.09880984
0.1035406
0.1047763
0.1090426
0.1099982
0.09639483
0.07975303
0.06473572
0.0493148
0.03351608
0.018453
0.007014657
-0.003185523
-0.01491304
-0.03272263
-0.05141617
-0.07041563
-0.08749542
-0.09832184
-0.1038563
-0.09223052
-0.07670685
-0.06328722
-0.04871891
-0.0315471
-0.01322386
0.003814974
0.01591796
0.02689397
0.03849631
0.05003856
0.06108184
0.0727669
0.09098711
0.1070193
0.1093865
0.1067961
0.09481537
0.08014076
0.06659639
0.05280897
0.03898628
0.02518262
0.01132151
-0.002458872
-0.01600527
-0.02949329
-0.04302658
-0.05654304
-0.07010087
-0.08259335
-0.0970778
-0.10722
-0.09832444
-0.08285275
-0.05695648
-0.02694477
3.906257e-06
0.01911181
0.03659495
0.05472224
0.07357652
0.09048265
0.0962661
0.1012955
0.1044771
0.09634974
0.08250148
0.05406702
0.02194629
-0.008488268
-0.03901171
-0.07112052
-0.1002188
-0.113092
-0.124195
-0.1345003
-0.1320884
-0.1269291
-0.1242208
-0.1189304
-0.1029348
-0.08455452
-0.06800129
-0.04971149
-0.02506824
0.001786054
0.02633631
0.04288083
0.05904351
0.07373232
0.07585511
0.07698715
0.07671345
0.06281352
0.0462014
0.03122588
0.01488528
0.0003162692
-0.005646083
-0.009854869
-0.01494114
-0.01979437
-0.02442937
-0.02892351
-0.03351137
-0.03814253
-0.04232919
-0.0479499
-0.05085562
-0.03952435
-0.02545455
-0.01263097
0.0001604327
0.01072392
0.02090444
0.03095708
0.04172856
0.05627666
0.07120321
0.08712
0.1001014
0.1023047
0.09862337
0.07924967
0.05606734
0.03498686
0.0123974
-0.008424248
-0.02057143
-0.03073376
-0.0423008
-0.05275448
-0.05900602
-0.06406256
-0.07089734
-0.07469458
-0.06657919
-0.05399668
-0.03342103
-0.01060681
0.01112296
0.03345044
0.05537917
0.07484677
0.09534089
0.1134197
0.1175325
0.1193059
0.1217978
0.1198237
0.1171535
0.1144977
0.1132146
0.1086501
0.09051312
0.06701438
0.03327374
-0.003167517
-0.03792691
-0.07501451
-0.1083802
-0.1229323
-0.1348284
-0.1461181
-0.1483385
-0.1449604
-0.1269876
-0.103872
-0.07464544
-0.04337333
-0.01284134
0.01793907
0.04801862
0.08070368
0.108493
0.11141
0.1102891
0.1100451
0.1006686
0.08926428
0.07999806
0.06814672
0.04460587
0.01911598
-0.005610544
-0.03583873
-0.06352346
-0.08014934
-0.0900568
-0.07976748
-0.06436752
-0.05177936
-0.04184159
-0.03178683
-0.02276151
-0.02078442
-0.01993435
-0.01911882
-0.01705278
-0.008097276
0.001804958
0.01258101
0.02043325
0.0121012
0.0008179261
-0.009347501
-0.02193641
-0.03618502
-0.04802959
-0.04915278
-0.04793018
-0.04808684
-0.04964431
-0.0512223
-0.05314496
-0.05781124
-0.06281228
-0.0681379
-0.07242686
-0.07138344
-0.06933292
-0.06786751
-0.0660402
-0.06489698
-0.06245906
-0.05342132
-0.042946
-0.03322895
-0.0236426
-0.01286819
-0.004267849
-0.007326061
-0.01245108
-0.01687985
-0.02351216
-0.03235964
-0.0376507
-0.02694806
-0.01310759
-0.0006261352
0.01181994
0.0212876
0.03099207
0.0393889
0.04018068
0.03908129
0.03990191
0.03849799
0.02700739
0.01374464
0.001021833
-0.01451056
-0.03030982
-0.04644587
-0.06160777
-0.0717043
-0.080573
-0.09084266
-0.09934855
-0.0992491
-0.09913244
-0.09649946
-0.07885435
-0.05645382
-0.02693349
0.004722867
0.03530358
0.06691957
0.09705499
0.1192972
0.1412758
0.1613467
0.1712174
0.1752773
0.1670205
0.1524936
0.1249762
0.09314485
0.06453427
0.04424474
0.02446026
0.006247484
0.001096259
-0.002504683
-0.005675419
-0.0001234351
0.007136163
0.01335433
0.02023839
0.02897309
0.03798066
0.04735721
0.05559615
0.05759952
0.05928933
0.06006945
0.05307119
0.04462218
0.03697017
0.02900056
0.02111774
0.01323467
0.005243441
-0.002653804
-0.01002293
-0.01795923
-0.02479445
-0.02587854
-0.02576802
-0.02660921
-0.02620203
-0.02792907
-0.04071457
-0.0553721
-0.06955157
-0.08677648
-0.1057558
-0.1217617
-0.1273425
-0.128477
-0.1201311
-0.1092869
-0.09957554
-0.08953093
-0.07952337
-0.06945197
-0.05954425
-0.04932893
-0.03965585
-0.03278122
-0.02674559
-0.01974324
-0.01409703
-0.01500254
-0.01735162
-0.0187454
-0.02114144
-0.02192763
-0.01447419
-0.005340045
0.002852623
0.01135317
0.01984401
0.02830469
0.03608143
0.0437394
0.05144151
0.05915696
0.06690363
0.07466828
0.08195246
0.09100561
0.09667276
0.0852404
0.07067638
0.05741605
0.04122265
0.02469897
0.008129022
-0.008108888
-0.02247905
-0.03636769
-0.05058135
-0.06446853
-0.07947944
-0.09207706
-0.09518124
-0.09418554
-0.08383338
-0.07098904
-0.05926156
-0.04751171
-0.03467312
-0.02396445
-0.02433316
-0.02689599
-0.02832875
-0.03008728
-0.03181643
-0.03347777
-0.03514071
-0.03698811
-0.03857427
-0.03900196
-0.03895699
-0.04000578
-0.03911531
-0.02836369
-0.01560998
-0.003949986
0.007765688
0.02070213
0.03121549
0.02962268
0.02631334
0.02284944
0.01312078
0.0005846474
-0.008322858
-0.002446276
0.006476134
0.01381477
0.02145482
0.02965437
0.03682715
0.03913955
0.04048547
0.0424851
0.04401895
0.04375813
0.04309014
0.04268238
0.04221474
0.04167925
0.04119153
0.0407346
0.040051
0.03995046
0.04257229
0.04556736
0.0489151
0.05123139
0.04753101
0.04262525
0.03831827
0.03385279
0.02938406
0.02492159
0.02022984
0.01612232
0.01096712
0.0007267377
-0.01174291
-0.02146531
-0.02005419
-0.01672447
-0.01375331
-0.006683174
0.001564911
0.008669043
0.01252809
0.01557958
0.01941733
0.0247766
0.03092001
0.03598581
0.03638806
0.03512077
0.03548131
0.0416184
0.04898641
0.05427657
0.05510921
0.05081948
0.04598689
0.04146802
0.03687664
0.03221243
0.02755595
0.0229724
0.01833062
0.01358974
0.009313274
0.003985208
-0.006699142
-0.01845213
-0.02973983
-0.04103291
-0.05172779
-0.0618072
-0.07282349
-0.08744815
-0.1039775
-0.117681
-0.122601
-0.1225316
-0.1114407
-0.09588343
-0.07381097
-0.0485754
-0.02643595
-0.01489716
-0.005279913
0.004924232
0.01148477
0.01745481
0.02376392
0.03002968
0.03598878
0.04297882
0.04806237
0.04349393
0.03735982
0.03162071
0.02240225
0.01189051
0.003027007
0.0001898553
-0.001455581
-0.003719251
-0.00580193
-0.007901421
-0.01001304
-0.01214408
-0.01411464
-0.01661962
-0.01811874
-0.01464631
-0.01016515
-0.006283619
-0.001962025
0.001815267
0.002857125
0.003291383
0.004351486
0.004755125
0.002552493
-0.0002270883
-0.002669396
-0.005148168
-0.007735258
-0.01012259
-0.01144284
-0.0125895
-0.01387043
-0.01481701
-0.01630796
-0.02046919
-0.02498056
-0.02954097
-0.03535456
-0.04247521
-0.04717943
-0.04270591
-0.03466507
-0.02016097
-0.004055052
0.01210619
0.02696539
0.0344901
0.0405906
0.04738519
0.05410045
0.06120315
0.06821228
0.07595858
0.08214397
0.08057696
0.07806523
0.07519517
0.06608378
0.05582404
0.04590638
0.03488066
0.02278905
0.01237909
0.01016507
0.00817986
0.007989687
0.02085361
0.03600745
0.05092949
0.06415285
0.06653275
0.06795868
0.06822986
0.05714309
0.04379998
0.03179898
0.01886973
0.007048709
0.0008434922
-0.004066587
-0.01015422
-0.01497552
-0.01445988
-0.01285693
-0.0117988
-0.01058975
-0.009721032
-0.007819931
-0.007803388
-0.0171751
-0.02814835
-0.03923651
-0.04852471
-0.04720216
-0.04406419
-0.0414363
-0.03570926
-0.02935309
-0.0235172
-0.01717701
-0.008653869
0.000229284
0.008888487
0.01737202
0.02678797
0.03441282
0.03295117
0.0296292
0.0271309
0.02485935
0.0216245
0.01317617
0.003576914
-0.005408686
-0.01467699
-0.02509136
-0.03550852
-0.04656597
-0.05627032
-0.05882935
-0.05964142
-0.06237754
-0.06263415
-0.0512711
-0.03807343
-0.02519356
-0.007686283
0.01066976
0.02826859
0.04691539
0.06402502
0.07292584
0.07975335
0.08909493
0.0950154
0.08465544
0.07142428
0.05898375
0.04209475
0.0237929
0.007078213
-0.003594547
-0.01287315
-0.02345504
-0.03257917
-0.03512839
-0.03658084
-0.03826517
-0.03708708
-0.0354636
-0.03358154
-0.03261156
-0.03636533
-0.04110179
-0.04504101
-0.05019621
-0.05328996
-0.04611248
-0.03685164
-0.0286944
-0.02013047
-0.0117203
-0.004124866
0.00308697
0.01087532
0.01780352
0.02022466
0.0218069
0.0235545
0.02624811
0.02675723
0.01596951
0.003055667
-0.009377147
-0.02091808
-0.02667277
-0.0312533
-0.03643064
-0.04149086
-0.04654004
-0.05129999
-0.0572251
-0.06091766
-0.05322919
-0.04389877
-0.03458053
-0.01973024
-0.002941485
0.01180159
0.01912581
0.02493769
0.03154659
0.03762497
0.0448289
0.0499496
0.04457825
0.03785288
0.03083521
0.01675205
0.001397029
-0.01304346
-0.02867509
-0.04231719
-0.04548933
-0.04774263
-0.04875788
-0.03808231
-0.0251304
-0.01332013
-0.001305398
0.01112362
0.02504004
0.040101
0.05349126
0.05886702
0.06411067
0.06753397
0.05799382
0.04611125
0.03524085
0.02215378
0.008994298
-0.005093612
-0.01708268
-0.01821009
-0.01756306
-0.01718459
-0.01194291
-0.006002589
5.138974e-05
0.005126889
0.005190116
0.004276705
0.003857387
0.003122672
0.002822495
0.001807369
-0.00286479
-0.00925108
-0.01337533
-0.00878231
-0.002408468
0.003137921
0.008892744
0.01452124
0.01996368
0.02621688
0.03097496
0.02838546
0.02436462
0.021081
0.01754056
0.0141795
0.01047094
0.004912043
-0.001046318
-0.006794016
-0.0124229
-0.01852684
-0.02388196
-0.02527296
-0.0258176
-0.02683754
-0.02775922
-0.02868899
-0.02961201
-0.03047473
-0.03127115
-0.03256605
-0.03292367
-0.02872173
-0.02378909
-0.01883744
-0.01456431
-0.01432236
-0.0153474
-0.01493585
-0.009583964
-0.003186691
0.002775741
0.008630677
0.01516175
0.02033794
0.01866067
0.01535922
0.01327897
0.01358057
0.01420571
0.01524681
0.01508719
0.00847571
0.0005167803
-0.006757671
-0.01428858
-0.02159141
-0.02967051
-0.03617149
-0.03432506
-0.03074001
-0.02808248
-0.02517961
-0.02218947
-0.01945763
-0.01613403
-0.01400311
-0.01782657
-0.02343197
-0.02733357
-0.02592817
-0.02337215
-0.02140996
-0.01924552
-0.01712778
-0.01497473
-0.01286254
-0.01070331
-0.008581848
-0.006417761
-0.004304563
-0.002140259
9.668168e-05
0.001932307
0.004618978
0.01179441
0.01956197
0.02801601
0.034396
0.02979072
0.02305653
0.01711182
0.01150219
0.009276625
0.007278214
0.005727999
0.00781397
0.01069062
0.01312111
0.01571755
0.01828551
0.02090536
0.02315665
0.02660338
0.02780903
0.01815486
0.00629932
-0.00424307
-0.01600545
-0.02592553
-0.02664702
-0.02603861
-0.02542278
-0.01951338
-0.01254861
-0.006160727
0.000181731
0.007128152
0.01298426
0.0132171
0.01281707
0.01204533
0.006164079
-0.000826053
-0.007302529
-0.01386933
-0.02019306
-0.0275329
-0.03288251
-0.02798286
-0.02103029
-0.0152095
-0.009001989
-0.002805592
0.003313898
0.009502063
0.01574684
0.02181588
0.02833905
0.03398218
0.03466969
0.0348335
0.03457814
0.02920901
0.02275479
0.01689264
0.01096112
0.004789581
-0.001031899
-0.00461658
-0.007786493
-0.010905
-0.01489906
-0.01723798
-0.01110833
-0.003325911
0.003280109
0.01125437
0.01719595
0.01338652
0.007599928
0.003258943
-0.002746086
-0.006051735
0.004429418
0.01774722
0.02957997
0.04137165
0.0539385
0.06491463
0.06786454
0.06932866
0.07155338
0.0733354
0.07605235
0.07697049
0.06828177
0.05819793
0.04820949
0.03321044
0.01733002
0.002200533
-0.01397682
-0.0285944
-0.03463948
-0.03986912
-0.04432287
-0.04016207
-0.03436427
-0.02941313
-0.02421907
-0.0190126
-0.01412772
-0.008366305
-0.004103365
-0.007481631
-0.01239663
-0.01633822
-0.0211609
-0.02471325
-0.02203831
-0.01816078
-0.01483725
-0.01180483
-0.007807756
0.001399397
0.01154206
0.02123497
0.03129701
0.04282623
0.05152652
0.04910422
0.04242179
0.02756444
0.01070255
-0.006042033
-0.0214541
-0.02868578
-0.03485792
-0.04082348
-0.04141776
-0.04094226
-0.04105879
-0.04087414
-0.04142334
-0.04037722
-0.03157494
-0.02153039
-0.01125685
-0.00258666
-0.003236483
-0.005672126
-0.007108488
-0.009309019
-0.01042171
-0.00651734
-0.001866518
0.003164098
0.006621339
0.001341595
-0.005451848
-0.01192524
-0.02104733
-0.03062293
-0.03996965
-0.04913449
-0.05921377
-0.06762319
-0.06758363
-0.06709861
-0.06519558
-0.0518292
-0.03631953
-0.02177373
-0.007088951
0.006280391
0.01909639
0.03298088
0.0452426
0.0488452
0.05169015
0.05362298
0.04623787
0.03734384
0.02881207
0.01729645
0.005434984
-0.006943108
-0.01774505
-0.02040267
-0.02124085
-0.02351228
-0.02443352
-0.01983257
-0.01411756
-0.00898736
-0.003664643
0.001565801
0.007073303
0.01205861
0.01449439
0.0164065
0.01860604
0.0207227
0.02274078
0.02516765
0.02680342
0.02442894
0.02135512
0.01859526
0.01593218
0.01279476
0.006935674
0.0004425023
-0.005692432
-0.01191802
-0.01822033
-0.02448773
-0.03065127
-0.03729457
-0.04291367
-0.04346202
-0.04296004
-0.04301505
-0.04275155
-0.04292452
-0.04236606
-0.03731025
-0.0322547
-0.02609534
-0.01178638
0.00406107
0.01875818
0.03497858
0.04882198
0.05089621
0.05055252
0.05142972
0.05202573
0.0526161
0.05324872
0.05361402
0.05492383
0.05439124
0.04465113
0.03308142
0.02243097
0.01176956
0.0001669327
-0.009627297
-0.01034508
-0.00926189
-0.009014456
-0.008606778
-0.008191901
-0.007745075
-0.007167293
-0.007269587
-0.005942678
0.00188147
0.01214945
0.01967174
0.01743181
0.01318437
0.009867481
0.006351682
0.003138957
-6.875036e-05
-0.00334543
-0.006583345
-0.009725876
-0.01308813
-0.01607379
-0.01721846
-0.01800307
-0.01895633
-0.019794
-0.02069326
-0.02162459
-0.02255373
-0.02348784
-0.02429652
-0.02555795
-0.02595164
-0.02200771
-0.01719095
-0.01286801
-0.008240705
-0.003946936
-0.001239621
0.00120183
0.003863226
0.006183922
0.009127967
0.01523191
0.02172477
0.02872455
0.03436994
0.03240605
0.02939476
0.02639604
0.01913373
0.01110068
0.003424365
-0.004371658
-0.01210127
-0.01992735
-0.02774023
-0.0353623
-0.04359615
-0.05084445
-0.05264898
-0.0546317
-0.05500725
-0.04445017
-0.03181537
-0.02013391
-0.007303371
0.005668718
0.01883561
0.0314215
0.0408112
0.0495988
0.0585498
0.06820068
0.07635382
0.07676232
0.07655439
0.07561067
0.06658488
0.05638526
0.04622829
0.03164286
0.01614056
0.001330579
-0.01432011
-0.02872027
-0.03599754
-0.04280798
-0.04877954
-0.04659173
-0.04270703
-0.04020764
-0.03646705
-0.02804696
-0.01886999
-0.009905387
0.0002309033
0.01033928
0.02127946
0.03045321
0.03020813
0.02860746
0.0269702
0.01997577
0.01190209
0.004491259
-0.003273198
-0.01063942
-0.01572265
-0.0201461
-0.02541674
-0.02961301
-0.02856516
-0.02641322
-0.02487229
-0.0231515
-0.02158069
-0.01971373
-0.01643647
-0.01290604
-0.00949539
-0.006060215
-0.00260024
0.0008275657
0.004318256
0.007810006
0.01124526
0.01478429
0.01804243
0.02186332
0.02810248
0.03452276
0.04159979
0.04717467
0.04460057
0.04034577
0.03699395
0.03337974
0.02987599
0.02692895
0.02393923
0.02127005
0.01801436
0.0116095
0.004585015
-0.002042899
-0.008842105
-0.01565409
-0.02257547
-0.02900695
-0.03638342
-0.0477977
-0.06126879
-0.07205563
-0.07149253
-0.06958832
-0.06718922
-0.05561721
-0.04271958
-0.03011846
-0.01428562
0.002266518
0.01818778
0.0351191
0.04996824
0.05711573
0.06016669
0.05241483
0.04238639
0.0328366
0.0198308
0.006180012
-0.007136339
-0.02048584
-0.03366713
-0.04789795
-0.05985961
-0.0629264
-0.0619753
-0.0518583
-0.03949018
-0.0281618
-0.0166292
-0.004577105
0.006316218
0.01141752
0.01542902
0.01993355
0.02436677
0.02945433
0.03248914
0.03023018
0.02734675
0.02431397
0.01836284
0.0111512
0.005524859
0.006143269
0.008032896
0.009274474
0.01071122
0.01205409
0.01368433
0.01474418
0.01312283
0.01100245
0.009071699
0.007159665
0.005111419
0.001868056
-0.001627254
-0.005104865
-0.008485137
-0.01197752
-0.01599241
-0.02073205
-0.02432731
-0.02287811
-0.02039756
-0.0183752
-0.01626139
-0.01418536
-0.01208955
-0.009991577
-0.007963102
-0.005650446
-0.002273421
0.001235058
0.005027338
0.008173949
0.008263353
0.007715095
0.00742295
0.007170793
0.006688501
0.006707072
0.009314437
0.01235187
0.01538067
0.01812104
0.01872527
0.01886712
0.01924893
0.01956599
0.01989906
0.02010306
0.0207464
0.02054236
0.01616966
0.01048456
0.006063937
0.005315169
0.005264394
0.005373048
0.004424779
-0.00191677
-0.009094504
-0.01640185
-0.02263143
-0.02300709
-0.02249715
-0.02192311
-0.01815372
-0.01392376
-0.009437075
-0.005975536
-0.008158166
-0.01143324
-0.01394626
-0.01729759
-0.01944602
-0.01594269
-0.01123453
-0.00721704
-0.002866528
0.00107403
0.00590144
0.01522438
0.02676962
0.0355311
0.03306751
0.02905978
0.02477883
0.01346174
0.0008312437
-0.01086304
-0.02367908
-0.03470592
-0.03657806
-0.03661749
-0.03745117
-0.03862309
-0.0386392
-0.03258842
-0.02578646
-0.01871876
-0.007562257
0.005185077
0.01601757
0.01918953
0.02075144
0.02312816
0.02531174
0.02744022
0.02885863
0.03003268
0.03184042
0.03256495
0.02818695
0.02300839
0.01765816
0.01346617
0.01587874
0.0196777
0.02275545
0.02607353
0.02931542
0.0325602
0.03587365
0.03916395
0.04230384
0.04606078
0.0486395
0.04504198
0.04074838
0.03620224
0.02695198
0.01695374
0.007025322
-0.002214344
-0.00709413
-0.01114205
-0.01560011
-0.01990693
-0.02408766
-0.02893956
-0.03259541
-0.03045026
-0.0274496
-0.02460012
-0.01911768
-0.01336679
-0.007346196
-0.002191425
-0.002146836
-0.003149859
-0.003616326
-0.004233679
-0.004845208
-0.005454643
-0.006052729
-0.006665694
-0.007271995
-0.007885399
-0.008460818
-0.009162737
-0.009629235
-0.00887822
-0.007812075
-0.006821152
-0.005871052
-0.005234694
-0.004634036
-0.004136376
-0.003357923
-0.001226747
0.001021545
0.003877327
0.005374374
0.0001790593
-0.006205446
-0.01241328
-0.0177404
-0.01807327
-0.01742368
-0.01725414
-0.01686011
-0.01662746
-0.01622752
-0.01488065
-0.01340075
-0.01194945
-0.0104647
-0.009060928
-0.00757848
-0.006089671
-0.004676317
-0.003247143
-0.001581392
-0.0004537306
-0.001572428
-0.003067483
-0.004407905
-0.005728073
-0.007413368
-0.008380362
-0.005830666
-0.002560569
0.0003497439
0.003378982
0.006219335
0.009703648
0.01195623
0.008119607
0.003033437
-0.001280431
-0.006113386
-0.01024922
-0.01062847
-0.01015372
-0.01009191
-0.009813826
-0.01010872
-0.009241707
-0.002385115
0.005441122
0.01360443
0.01997331
0.01687231
0.01198234
0.007843727
0.00368827
0.0009759137
-0.001722425
-0.004030897
-0.003655159
-0.002767321
-0.002222224
-0.001531905
-0.0008348696
-0.0001919153
0.000400417
0.001261022
0.003324704
0.005516125
0.007986345
0.0097271
0.007709869
0.004915591
0.002528819
1.57104e-05
-0.002467538
-0.005100333
-0.007261098
-0.010369
-0.01774835
-0.02697776
-0.03391065
-0.03155658
-0.02769582
-0.02419149
-0.01726077
-0.009849972
-0.002157999
0.004515962
0.006074227
0.006568217
0.007478663
0.008520748
0.009168623
0.007635671
0.005684705
0.003939559
0.002146015
0.0003290585
-0.001450541
-0.003173581
-0.004965664
-0.006785823
-0.008540181
-0.01049554
-0.01208173
-0.0117132
-0.01089622
-0.01034906
-0.009777887
-0.009067861
-0.008689359
-0.007608739
-0.00270828
0.002914734
0.00821214
0.01351408
0.0193019
0.02403246
0.02384783
0.02270308
0.02205075
0.02126892
0.02047277
0.01961423
0.01887615
0.01828949
0.01719598
0.01360485
0.009607505
0.005536171
0.002017543
0.0016271
0.001864027
0.001779071
0.001802643
0.001747103
0.001834509
0.002746897
0.003876328
0.004883301
0.005941955
0.006968905
0.00804025
0.009027067
0.009840278
0.01060923
0.01123731
0.012241
0.01264845
0.01004213
0.006895522
0.003995539
0.001004443
-0.001895495
-0.004876788
-0.007832506
-0.01072509
-0.01369026
-0.01665819
-0.0193344
-0.02281646
-0.02486879
-0.01972792
-0.01323061
-0.007430418
-0.001488398
0.004438
0.01020287
0.0166248
0.02167812
0.01968515
0.01636828
0.01372302
0.01103032
0.007971171
0.002762828
-0.002738677
-0.008465065
-0.01334742
-0.01376867
-0.01321758
-0.01311057
-0.01288174
-0.01265147
-0.01243218
-0.01221599
-0.01194132
-0.01186035
-0.0114087
-0.009012583
-0.006186872
-0.003579424
-0.001129551
0.001763821
0.006381235
0.01134512
0.01609095
0.0208147
0.02528737
0.03075141
0.03425974
0.02824064
0.02039234
0.01356083
0.006128352
-0.001119316
-0.008744581
-0.01540647
-0.01750416
-0.01867318
-0.02031
-0.02166578
-0.0234987
-0.0244162
-0.02061565
-0.01628357
-0.01169672
-0.002985691
0.006402667
0.01514889
0.02480003
0.03268757
0.03214631
0.03072218
0.0287401
0.01952983
0.008978903
-0.000760959
-0.01080383
-0.02031952
-0.02742735
-0.03472972
-0.04089367
-0.04024773
-0.0389936
-0.03724687
-0.02938839
-0.02044161
-0.01223533
-0.003875732
0.004370756
0.01242809
0.02102441
0.02832325
0.02953534
0.03026784
0.03027745
0.02369308
0.01586274
0.008789532
0.001647957
-0.00527557
-0.01288039
-0.01888008
-0.017538
-0.01468107
-0.01262316
-0.01039705
-0.007922626
-0.005441119
-0.002817511
-0.000711776
-0.001138001
-0.002154127
-0.002801913
-0.003719935
-0.005670468
-0.007822624
-0.009718406
-0.01219191
-0.01350222
-0.008936097
-0.003304048
0.001664869
0.006662744
0.01204185
0.01637225
0.01579625
0.01423065
0.01319957
0.01201293
0.01088846
0.009784187
0.008646918
0.007545495
0.006437524
0.005365378
0.004275592
0.003242412
0.002222136
0.00123185
4.717306e-05
-0.0006845345
0.0009300855
0.002957754
0.004744861
0.006545611
0.008345374
0.0100836
0.01183708
0.01348167
0.01526355
0.01746501
0.02012738
0.02189844
0.01947775
0.01618103
0.01336904
0.01052162
0.007680469
0.00485374
0.00210789
-0.0005671949
-0.003244392
-0.005887225
-0.008372173
-0.01107354
-0.0133356
-0.01359056
-0.01348588
-0.01353749
-0.0135255
-0.01355779
-0.01355853
-0.01358088
-0.0135737
-0.01358884
-0.0135732
-0.01358468
-0.01355006
-0.0135156
-0.01347782
-0.01354738
-0.01337514
-0.01188112
-0.01012987
-0.008562359
-0.00702136
-0.005468972
-0.003931368
-0.002430263
-0.0009482239
0.0004926221
0.001863744
0.003247204
0.004621861
0.005968405
0.007181499
0.008660862
0.009511784
0.007139525
0.004140384
0.001564376
-0.001041441
-0.003632799
-0.006143495
-0.008623015
-0.01090693
-0.01351939
-0.01537311
-0.01350713
-0.01107561
-0.008838722
-0.005548626
-0.002212867
0.001180501
0.00407418
0.004717276
0.004899718
0.005308126
0.005601147
0.006016616
0.006234967
0.005339062
0.004239323
0.003320348
0.002346078
0.00140409
0.0005169457
-0.0003806139
-0.001261737
-0.002032625
-0.002980012
-0.003595216
-0.002637188
-0.001394708
-0.0003418085
0.0007187637
0.001717423
0.002715509
0.003688694
0.004638731
0.005543562
0.006379154
0.007267647
0.008024667
0.008175823
0.008211164
0.008290214
0.008351386
0.008402223
0.008451833
0.008443393
0.008594274
0.008419693
0.006717854
0.004757285
0.003047747
0.001262015
-0.0003014322
-0.001030662
-0.001507261
-0.002277442
-0.002561599
-0.0006942864
0.001551673
0.00346152
0.005407116
0.00719237
0.008607392
0.009833733
0.01126147
0.01217368
0.010903
0.009237192
0.007829781
0.006425887
0.005083061
0.003787635
0.002545474
0.001344625
0.0001961965
-0.000888075
-0.00199504
-0.00291576
-0.00312328
-0.003204646
-0.003330705
-0.003431215
-0.003539616
-0.003633398
-0.003748843
-0.003770227
-0.003951434
-0.004861273
-0.005846047
-0.006801261
-0.007546271
-0.007425953
-0.007125765
-0.006914577
-0.006700342
-0.006473439
-0.006252184
-0.006042708
-0.005847785
-0.005603957
-0.005132059
-0.004632302
-0.004177984
-0.00373624
-0.00331551
-0.002913207
-0.002531922
-0.002167837
-0.001822121
-0.001493417
-0.00120223
-0.000859551
-0.0006664756
-0.001123228
-0.00167721
-0.002125843
-0.002552177
-0.002953759
-0.003318385
-0.003677184
-0.00395326
-0.003929875
-0.003839263
-0.003772302
-0.003719393
-0.003614929
-0.003284562
-0.002917514
-0.002596495
-0.002286162
-0.001990922
-0.001707878
-0.001433826
-0.001178915
-0.0009406468
-0.0007133603
-0.000500627
-0.0002984169
-0.0001036889
8.039439e-05
0.0002274726
0.000410227
0.0007933596
0.001178316
0.001534527
0.001811931
0.001774152
0.001716946
0.001623318
0.001222983
0.0007923546
0.0004342221
0.0001005617
-0.0001899502
-0.0004933486
-0.0006722786
-0.000386344
-2.87032e-05
0.0002417602
0.0005249257
0.0008855458
0.00123207
0.001533401
0.001797925
0.002052471
0.00223355
0.002186761
0.002117099
0.002032554
0.001781812
0.001522186
0.001302454
0.00109727
0.0009099557
0.0007482656
0.0005874154
0.0004766633
0.0005379064
0.0006226246
0.0006809463
0.0007340998
0.0007827416
0.0008157161
0.0008068372
0.0007898956
0.0007755224
0.0007590001
0.0007450544
0.0007248039
0.000681589
0.0006374336
0.0006006803
0.0005640202
0.0005224922
0.0004836151
0.0004491952
0.0004199669
0.0003914471
0.0003722658
0.0003836651
0.0003984347
0.000406707
0.0004132621
0.0004178696
0.000419352
0.0004202066
0.0004244223
0.0004261368
0.000426668
0.0004210454
0.0003966609
0.0003712024
0.000349896
0.000330314
0.0003126927
0.0002970191
0.0002830158
0.000270691
0.0002594861
0.000250197
0.0002442323
0.0002389994
0.0002339751
0.0002293688
0.0002250055
0.0002208539
0.0002169592
0.0002134329
0.0002106237
0.0002078936
0.00020505
0.000202266
0.0001995026
0.0001967426
0.0001940175
0.0001912852
0.0001886544
0.0001863211
0.0001839759
0.0001815051
0.0001790801
0.0001765255
0.0001735594
0.0001707759
0.0001682992
0.0001659953
0.0001638779
0.0001618635
0.0001598442
0.0001579696
0.0001562397
0.0001545816
0.000152991
0.0001514658
0.0001499019
0.0001482846
0.0001466308
0.0001449491
0.0001432484
0.0001415231
0.0001397827
0.0001380372
0.0001362926
0.0001345529
0.0001328201
0.0001310949
0.0001293775
